Indicativo;parámetro;enero;febrero;marzo;abril;mayo;junio;julio;agosto;septiembre;octubre;noviembre;diciembre;anual
1387;N;22;29;25;27;26;24;25;23;29;25;23;26;6
1387;Min;64.0;57.0;53.0;55.0;52.0;50.0;46.0;49.0;49.0;47.0;50.0;48.0;
1387;Q1;71.8;71.0;69.4;62.6;58.2;54.0;53.0;52.0;54.0;64.6;65.8;68.2;
1387;Q2;78.4;80.0;76.0;69.4;65.0;59.0;55.0;55.6;62.0;69.0;77.6;79.8;
1387;Q3;85.2;87.0;84.8;75.6;70.2;62.0;57.6;58.4;68.0;75.0;85.0;88.2;
1387;Q4;96.0;97.0;94.0;90.4;76.6;75.0;61.8;66.2;78.0;87.8;91.8;99.8;
1387;Max;129.0;115.0;110.0;107.0;91.0;94.0;72.0;83.0;115.0;130.0;104.0;118.0;
1387;Mn;80.5;83.0;79.0;73.0;67.5;60.5;57.0;56.0;65.0;72.0;79.0;82.0;
1387;Md;84.9;84.1;80.9;75.3;68.3;63.3;57.4;59.0;66.8;76.4;79.8;84.4;
1387;S;15.02;14.24;14.52;13.49;10.01;11.08;6.24;7.99;13.92;17.23;13.66;17.00;
1387;Cv;0.18;0.17;0.18;0.18;0.15;0.18;0.11;0.14;0.21;0.23;0.17;0.20;
1387E;N;26;26;24;24;26;24;24;20;22;25;22;22;12
1387E;Min;59.0;54.0;50.0;48.0;50.0;39.0;44.0;45.0;43.0;50.0;44.0;54.0;
1387E;Q1;69.4;70.0;67.0;57.0;57.0;54.0;48.0;46.4;50.4;59.4;61.4;66.2;
1387E;Q2;78.0;79.6;70.0;63.0;61.0;59.0;50.0;54.0;58.2;67.8;65.0;78.0;
1387E;Q3;85.4;83.4;78.0;74.0;70.0;67.0;56.0;60.2;62.6;74.4;79.6;80.8;
1387E;Q4;102.4;91.0;87.0;83.0;80.6;76.0;60.0;69.0;76.4;84.6;87.8;93.0;
1387E;Max;128.0;109.0;126.0;96.0;85.0;100.0;69.0;74.0;85.0;119.0;96.0;104.0;
1387E;Mn;80.5;80.5;71.0;69.0;67.0;61.0;52.0;55.5;61.0;70.0;71.5;80.0;
1387E;Md;85.2;81.5;76.3;70.0;67.3;64.6;53.6;57.6;62.5;72.2;72.6;79.5;
1387E;S;17.28;12.23;15.39;13.19;10.67;14.09;6.80;9.93;12.55;15.70;14.90;13.44;
1387E;Cv;0.20;0.15;0.20;0.19;0.16;0.22;0.13;0.17;0.20;0.22;0.21;0.17;
1428;N;19;27;22;21;19;18;23;20;22;18;23;15;2
1428;Min;54.0;56.0;52.0;46.0;50.0;43.0;41.0;43.0;45.0;48.0;37.0;56.0;
1428;Q1;65.0;65.0;62.6;57.2;54.0;49.6;47.6;50.4;52.0;59.0;60.2;61.0;
1428;Q2;78.0;76.0;70.4;69.4;61.0;57.8;50.6;54.0;56.2;69.6;67.8;72.0;
1428;Q3;89.0;80.0;74.0;72.0;65.0;63.0;52.0;56.0;64.6;83.6;72.8;79.2;
1428;Q4;100.0;87.0;91.8;79.6;74.0;69.2;56.2;62.2;75.6;101.6;82.6;101.8;
1428;Max;113.0;105.0;104.0;119.0;95.0;82.0;78.0;83.0;93.0;115.0;106.0;120.0;
1428;Mn;83.0;78.0;73.0;70.0;63.0;60.0;52.0;56.0;60.0;76.0;70.0;78.0;
1428;Md;83.6;76.7;75.0;70.3;64.1;60.4;52.4;57.0;63.5;79.3;71.1;79.3;
1428;S;17.58;12.37;14.90;15.65;11.08;10.96;7.46;9.35;13.56;20.19;15.75;19.49;
1428;Cv;0.21;0.16;0.20;0.22;0.17;0.18;0.14;0.16;0.21;0.25;0.22;0.25;
8175;N;8;9;6;6;8;7;6;8;7;6;10;10;2
8175;Min;;;;;;;;;;;;;
8175;Q1;;;;;;;;;;;;;
8175;Q2;;;;;;;;;;;;;
8175;Q3;;;;;;;;;;;;;
8175;Q4;;;;;;;;;;;;;
8175;Max;;;;;;;;;;;;;
8175;Mn;;;;;;;;;;;;;
8175;Md;;;;;;;;;;;;;
8175;S;;;;;;;;;;;;;
8175;Cv;;;;;;;;;;;;;
8178D;N;12;8;11;11;11;10;10;11;8;8;7;13;1
8178D;Min;;;;;;;;;;;;;
8178D;Q1;;;;;;;;;;;;;
8178D;Q2;;;;;;;;;;;;;
8178D;Q3;;;;;;;;;;;;;
8178D;Q4;;;;;;;;;;;;;
8178D;Max;;;;;;;;;;;;;
8178D;Mn;;;;;;;;;;;;;
8178D;Md;;;;;;;;;;;;;
8178D;S;;;;;;;;;;;;;
8178D;Cv;;;;;;;;;;;;;
8025;N;30;30;30;30;28;29;29;30;29;28;29;29;25
8025;Min;36.0;42.0;42.0;40.0;38.0;38.0;37.0;23.0;20.0;40.0;39.0;44.0;61.0
8025;Q1;50.2;51.2;50.6;51.4;47.0;44.0;43.0;40.2;42.0;44.8;44.0;50.0;66.0
8025;Q2;55.4;57.0;59.0;57.0;51.0;49.0;46.0;44.4;47.0;47.6;50.0;55.0;68.4
8025;Q3;64.2;62.8;62.0;59.0;55.0;51.0;50.0;49.0;52.0;53.0;55.0;65.0;74.4
8025;Q4;73.6;73.4;69.6;61.8;61.4;59.0;54.0;53.6;57.0;61.0;63.0;68.0;81.8
8025;Max;95.0;85.0;93.0;69.0;76.0;66.0;81.0;66.0;64.0;74.0;112.0;75.0;112.0
8025;Mn;59.0;58.0;61.0;57.5;53.0;50.0;48.0;46.0;50.0;50.5;51.0;58.0;70.0
8025;Md;61.8;61.9;61.7;57.4;53.8;51.1;49.1;46.5;49.4;52.4;54.5;59.2;74.2
8025;S;14.76;11.86;11.95;6.79;7.96;7.07;8.58;8.57;8.88;9.31;13.95;9.25;11.25
8025;Cv;0.24;0.19;0.19;0.12;0.15;0.14;0.17;0.18;0.18;0.18;0.26;0.16;0.15
8019;N;25;26;26;25;23;26;25;24;24;25;27;27;14
8019;Min;46.0;56.0;59.0;55.0;51.0;43.0;33.0;39.0;46.0;43.0;50.0;53.0;
8019;Q1;60.6;59.0;63.4;62.0;57.8;52.0;48.0;49.0;54.0;50.0;59.8;64.2;
8019;Q2;73.0;73.0;71.0;64.6;62.0;56.8;53.4;57.0;59.0;61.0;67.0;72.0;
8019;Q3;79.2;84.0;78.4;72.8;65.0;65.0;58.0;59.0;63.0;69.2;68.0;77.0;
8019;Q4;89.4;87.0;91.4;80.0;69.2;68.6;62.8;63.0;69.0;79.0;82.4;85.4;
8019;Max;128.0;113.0;113.0;98.0;86.0;77.0;70.0;69.0;87.0;85.0;100.0;93.0;
8019;Mn;76.0;80.5;74.5;68.0;64.0;57.0;56.0;58.5;60.5;65.0;68.0;73.0;
8019;Md;76.5;76.8;77.3;71.0;64.3;60.1;54.9;56.8;61.8;65.1;69.4;74.7;
8019;S;17.53;14.29;14.68;11.40;8.12;9.29;9.06;7.59;10.07;12.25;12.03;10.77;
8019;Cv;0.23;0.19;0.19;0.16;0.13;0.15;0.16;0.13;0.16;0.19;0.17;0.14;
6325O;N;22;24;26;21;21;23;23;27;20;25;21;23;7
6325O;Min;34.0;61.0;58.0;65.0;68.0;54.0;54.0;54.0;47.0;56.0;52.0;58.0;
6325O;Q1;65.0;68.0;66.8;69.6;69.6;65.8;61.0;61.0;58.2;67.0;61.8;71.2;
6325O;Q2;76.8;76.0;76.0;78.0;76.0;72.0;65.0;61.4;63.0;68.0;68.0;78.0;
6325O;Q3;82.6;82.0;86.4;83.0;80.0;79.8;70.0;67.0;72.0;73.2;79.2;81.4;
6325O;Q4;93.4;97.0;95.6;86.2;85.6;84.2;77.2;76.4;77.6;79.6;85.2;90.2;
6325O;Max;112.0;108.0;118.0;93.0;122.0;96.0;81.0;94.0;101.0;102.0;100.0;102.0;
6325O;Mn;80.5;78.5;81.5;80.0;76.0;78.0;65.0;65.0;69.0;68.0;74.0;80.0;
6325O;Md;79.1;81.3;82.1;79.4;79.9;75.3;68.5;67.3;68.8;72.6;73.9;79.9;
6325O;S;17.27;13.48;14.45;8.00;12.13;10.25;7.43;9.73;12.22;10.46;13.26;10.86;
6325O;Cv;0.22;0.17;0.18;0.10;0.15;0.14;0.11;0.14;0.18;0.14;0.18;0.14;
9091O;N;25;27;28;27;26;27;24;23;25;24;24;24;5
9091O;Min;39.0;50.0;47.0;43.0;49.0;42.0;45.0;41.0;40.0;51.0;48.0;42.0;
9091O;Q1;53.0;59.8;55.6;53.6;51.6;46.6;50.0;51.2;48.4;56.0;54.0;58.0;
9091O;Q2;67.4;68.6;64.6;61.0;57.6;50.6;59.0;60.0;55.4;62.0;65.0;62.0;
9091O;Q3;73.2;76.0;74.8;63.8;62.4;59.0;63.0;64.0;60.6;66.0;68.0;74.0;
9091O;Q4;86.0;82.4;84.2;72.4;70.2;67.4;68.0;70.4;71.6;83.0;82.0;85.0;
9091O;Max;113.0;128.0;91.0;112.0;89.0;76.0;95.0;83.0;84.0;115.0;109.0;102.0;
9091O;Mn;68.0;72.0;68.5;63.0;59.0;55.0;60.5;62.0;58.0;64.5;68.0;66.0;
9091O;Md;70.7;73.4;69.2;64.7;61.9;57.0;61.3;61.9;59.4;68.8;68.8;70.0;
9091O;S;17.50;16.17;13.10;14.18;10.78;10.41;12.61;11.14;11.15;15.35;16.35;14.88;
9091O;Cv;0.25;0.22;0.19;0.22;0.17;0.18;0.21;0.18;0.19;0.22;0.24;0.21;
1212E;N;24;24;28;26;24;29;26;25;26;26;27;23;12
1212E;Min;48.0;56.0;58.0;59.0;39.0;41.0;45.0;39.0;41.0;45.0;48.0;48.0;
1212E;Q1;67.0;70.0;62.6;63.8;56.0;50.0;54.0;50.4;52.0;59.2;58.6;66.6;
1212E;Q2;78.0;81.0;72.8;71.6;59.0;54.0;59.0;56.0;58.0;65.0;70.0;75.2;
1212E;Q3;91.0;93.0;89.0;76.0;70.0;58.0;63.0;58.6;68.8;78.0;81.8;83.4;
1212E;Q4;96.0;98.0;105.2;89.0;74.0;65.0;67.0;67.0;85.0;82.4;89.0;95.0;
1212E;Max;128.0;126.0;130.0;104.0;96.0;100.0;74.0;78.0;96.0;132.0;120.0;122.0;
1212E;Mn;86.0;84.5;80.0;75.0;64.0;58.0;61.0;56.0;61.0;74.0;71.0;78.0;
1212E;Md;84.1;87.7;83.4;76.9;64.3;58.9;60.5;58.0;66.8;73.9;77.7;80.7;
1212E;S;19.51;19.07;20.63;13.16;13.50;13.03;7.97;9.32;16.27;20.87;19.46;16.05;
1212E;Cv;0.23;0.22;0.25;0.17;0.21;0.22;0.13;0.16;0.24;0.28;0.25;0.20;
1208H;N;0;0;0;0;0;0;0;0;0;0;0;0;0
1208H;Min;;;;;;;;;;;;;
1208H;Q1;;;;;;;;;;;;;
1208H;Q2;;;;;;;;;;;;;
1208H;Q3;;;;;;;;;;;;;
1208H;Q4;;;;;;;;;;;;;
1208H;Max;;;;;;;;;;;;;
1208H;Mn;;;;;;;;;;;;;
1208H;Md;;;;;;;;;;;;;
1208H;S;;;;;;;;;;;;;
1208H;Cv;;;;;;;;;;;;;
1249I;N;29;30;30;29;29;26;30;30;29;30;30;29;22
1249I;Min;39.0;58.0;53.0;40.0;37.0;34.0;36.0;34.0;33.0;40.0;48.0;44.0;69.0
1249I;Q1;69.0;70.2;63.4;57.0;50.0;47.0;45.0;45.0;44.0;60.2;65.0;68.0;95.2
1249I;Q2;76.0;87.0;77.8;68.0;58.0;52.0;53.8;50.4;57.0;73.0;73.6;73.0;102.0
1249I;Q3;92.0;94.0;85.0;79.0;72.0;58.2;63.0;58.0;68.0;81.2;79.6;96.0;119.8
1249I;Q4;100.0;104.0;97.8;88.0;85.0;74.6;72.0;63.8;88.0;96.2;104.8;107.0;145.8
1249I;Max;152.0;139.0;143.0;130.0;98.0;119.0;115.0;96.0;106.0;156.0;162.0;173.0;173.0
1249I;Mn;87.0;90.5;80.5;71.0;64.0;56.0;61.0;56.0;60.0;75.5;77.5;81.0;111.0
1249I;Md;87.2;91.2;85.9;74.7;67.0;61.4;59.8;55.2;64.9;78.9;84.4;90.2;118.2
1249I;S;25.64;21.05;25.60;19.95;17.46;20.04;17.05;13.69;20.78;23.54;27.13;29.58;27.04
1249I;Cv;0.29;0.23;0.30;0.27;0.26;0.33;0.29;0.25;0.32;0.30;0.32;0.33;0.23
2444;N;16;18;19;17;16;14;15;15;15;18;16;18;2
2444;Min;37.0;44.0;48.0;42.0;41.0;;42.0;41.0;37.0;42.0;49.0;57.0;
2444;Q1;55.4;58.8;54.0;45.6;46.0;;48.0;44.8;48.0;53.2;57.8;61.6;
2444;Q2;63.2;65.6;60.0;54.2;54.8;;54.4;52.2;50.0;61.6;64.6;65.2;
2444;Q3;66.0;69.0;63.0;61.0;57.2;;58.6;58.6;51.6;66.0;70.2;67.4;
2444;Q4;74.0;81.2;77.0;65.8;63.8;;62.4;64.2;57.0;68.0;75.8;73.2;
2444;Max;89.0;107.0;89.0;75.0;85.0;;66.0;74.0;69.0;77.0;90.0;86.0;
2444;Mn;64.5;67.0;62.0;59.0;56.0;;56.0;58.0;51.0;63.0;67.0;67.0;
2444;Md;64.1;69.7;64.6;56.9;56.4;;55.1;55.6;51.8;61.4;67.5;67.9;
2444;S;12.82;13.93;11.30;10.40;10.98;;7.30;9.67;7.34;8.58;10.65;7.92;
2444;Cv;0.20;0.20;0.17;0.18;0.19;;0.13;0.17;0.14;0.14;0.16;0.12;
4452;N;29;29;30;29;27;29;28;28;28;29;28;29;18
4452;Min;43.0;40.0;46.0;51.0;51.0;44.0;47.0;36.0;40.0;44.0;32.0;40.0;68.0
4452;Q1;56.0;47.0;54.0;59.0;55.6;51.0;47.0;44.0;47.8;52.0;52.0;54.0;74.4
4452;Q2;62.0;58.0;60.0;62.0;59.0;54.0;50.0;50.0;53.6;55.0;60.6;58.0;77.2
4452;Q3;68.0;65.0;65.6;65.0;63.0;56.0;54.0;53.8;56.0;64.0;67.4;70.0;82.4
4452;Q4;74.0;72.0;69.0;71.0;66.8;62.0;61.4;58.2;62.4;78.0;74.4;78.0;86.8
4452;Max;85.0;90.0;84.0;97.0;72.0;70.0;90.0;70.0;83.0;90.0;86.0;105.0;105.0
4452;Mn;67.0;61.0;63.5;65.0;61.0;56.0;52.5;51.5;54.5;58.0;63.5;62.0;78.5
4452;Md;64.9;61.4;63.1;65.8;60.9;56.1;54.8;51.9;55.7;62.6;62.8;66.2;80.6
4452;S;11.04;12.58;9.23;9.03;5.85;6.00;9.99;8.13;9.49;13.17;13.26;15.62;8.80
4452;Cv;0.17;0.20;0.15;0.14;0.10;0.11;0.18;0.16;0.17;0.21;0.21;0.24;0.11
B954;N;24;23;20;24;29;23;21;21;21;20;18;21;7
B954;Min;40.0;58.0;41.0;56.0;41.0;47.0;36.0;43.0;40.0;43.0;50.0;60.0;
B954;Q1;60.0;62.6;61.4;61.0;54.0;51.6;41.8;47.0;52.8;58.6;58.0;67.0;
B954;Q2;70.0;72.0;69.6;67.0;56.0;54.6;50.0;50.0;60.6;63.8;65.4;72.8;
B954;Q3;76.0;79.4;72.0;72.0;61.0;59.0;58.6;55.2;65.6;73.2;76.8;78.0;
B954;Q4;87.0;88.2;81.4;78.0;72.0;65.2;63.0;63.4;77.0;89.4;83.6;79.6;
B954;Max;122.0;103.0;89.0;94.0;85.0;76.0;74.0;76.0;91.0;96.0;93.0;130.0;
B954;Mn;74.5;78.0;72.0;69.5;60.0;58.0;56.0;54.0;63.0;68.5;68.0;76.0;
B954;Md;74.8;77.0;70.1;70.1;61.5;58.6;53.7;54.8;63.9;70.9;70.7;76.3;
B954;S;17.53;12.09;12.62;9.00;11.43;8.07;10.61;8.58;12.89;14.89;13.12;14.02;
B954;Cv;0.23;0.16;0.18;0.13;0.19;0.14;0.20;0.16;0.20;0.21;0.19;0.18;
B893;N;23;24;26;19;23;24;25;20;21;24;22;21;4
B893;Min;56.0;59.0;53.0;61.0;48.0;54.0;46.0;48.0;48.0;36.0;61.0;65.0;
B893;Q1;72.8;68.0;68.0;67.0;56.8;61.0;54.4;54.0;59.0;59.0;64.2;72.0;
B893;Q2;79.0;72.0;82.0;73.0;65.0;65.0;60.4;55.4;65.0;69.0;79.0;81.6;
B893;Q3;85.8;85.0;87.0;89.0;72.0;70.0;67.6;61.4;72.0;76.0;82.0;84.2;
B893;Q4;94.6;97.0;94.0;98.0;74.4;72.0;72.0;68.0;78.6;81.0;89.8;88.6;
B893;Max;119.0;114.0;109.0;111.0;87.0;89.0;87.0;79.0;93.0;96.0;103.0;107.0;
B893;Mn;82.0;76.0;82.5;85.0;70.0;66.5;65.0;58.0;68.0;74.0;80.0;83.0;
B893;Md;84.0;81.0;82.9;82.7;67.0;67.7;64.6;60.5;69.4;70.9;79.0;82.9;
B893;S;14.01;16.09;14.14;15.00;10.28;8.44;10.87;8.91;10.89;13.22;12.19;10.36;
B893;Cv;0.17;0.20;0.17;0.18;0.15;0.12;0.17;0.15;0.16;0.19;0.15;0.12;
B228;N;26;26;29;26;27;30;29;26;26;27;27;27;16
B228;Min;46.0;53.0;55.0;48.0;43.0;41.0;35.0;45.0;36.0;39.0;42.0;53.0;81.0
B228;Q1;57.0;62.4;59.0;54.4;49.6;43.4;42.0;50.8;48.8;53.4;54.0;61.6;84.2
B228;Q2;62.8;67.8;64.0;63.4;56.4;50.4;47.0;54.0;56.0;61.2;60.2;71.2;88.0
B228;Q3;76.2;80.0;72.0;67.2;61.0;56.2;54.0;57.0;61.0;70.6;61.8;79.6;90.0
B228;Q4;82.6;89.2;77.0;72.2;67.8;63.8;58.0;62.2;73.2;79.8;76.0;87.0;95.2
B228;Max;97.0;105.0;93.0;94.0;81.0;70.0;74.0;68.0;91.0;109.0;90.0;108.0;102.0
B228;Mn;69.5;74.5;68.0;65.5;59.0;54.0;53.0;54.5;57.5;66.0;61.0;74.0;90.0
B228;Md;69.9;75.3;69.3;66.0;59.7;53.8;51.2;56.0;60.1;67.7;63.4;74.7;89.6
B228;S;13.21;13.68;9.77;11.67;10.28;8.73;9.70;6.08;12.82;18.06;11.70;13.05;5.70
B228;Cv;0.19;0.18;0.14;0.18;0.17;0.16;0.19;0.11;0.21;0.27;0.18;0.17;0.06
B278;N;27;26;26;25;28;24;26;26;26;23;25;27;13
B278;Min;43.0;54.0;44.0;51.0;48.0;43.0;40.0;48.0;43.0;37.0;48.0;52.0;
B278;Q1;60.6;60.0;58.6;58.2;54.0;52.0;48.0;54.0;50.8;57.6;61.0;63.0;
B278;Q2;68.2;69.0;62.6;63.0;59.0;57.0;53.6;57.8;60.2;61.0;67.0;72.4;
B278;Q3;76.0;74.4;77.2;68.8;63.8;60.0;56.0;61.0;65.4;67.0;71.2;78.0;
B278;Q4;88.6;88.2;81.6;80.4;69.4;67.0;65.4;64.6;77.6;78.6;84.8;85.8;
B278;Max;100.0;118.0;104.0;115.0;81.0;77.0;83.0;94.0;93.0;89.0;104.0;94.0;
B278;Mn;74.0;74.0;68.0;63.0;60.0;59.0;56.0;58.5;62.0;65.0;69.0;76.0;
B278;Md;72.9;75.0;70.1;69.3;62.3;58.8;56.7;61.5;63.7;65.6;71.2;75.6;
B278;S;15.20;15.65;13.91;14.00;8.60;8.23;10.17;11.24;13.94;12.25;13.91;11.49;
B278;Cv;0.21;0.21;0.20;0.20;0.14;0.14;0.18;0.18;0.22;0.19;0.20;0.15;
0200E;N;21;25;27;27;28;25;27;26;19;24;24;26;10
0200E;Min;35.0;36.0;28.0;40.0;32.0;28.0;21.0;26.0;30.0;31.0;32.0;40.0;
0200E;Q1;68.0;64.0;65.0;62.2;59.8;50.2;48.0;49.4;53.0;61.0;62.0;66.4;
0200E;Q2;72.6;69.0;72.6;72.0;65.0;59.8;55.2;60.6;62.0;68.0;73.0;73.8;
0200E;Q3;83.4;75.2;79.4;75.6;70.4;67.2;61.0;68.8;73.0;85.0;81.0;79.0;
0200E;Q4;93.8;94.2;98.2;85.8;93.0;75.8;69.2;85.6;90.0;109.0;119.0;86.0;
0200E;Max;126.0;132.0;130.0;144.0;115.0;115.0;124.0;126.0;137.0;136.0;133.0;140.0;
0200E;Mn;77.0;72.0;76.0;73.0;67.0;66.0;59.0;65.0;71.0;75.0;76.5;79.0;
0200E;Md;80.2;77.8;78.6;76.4;73.4;65.0;60.7;67.4;72.2;82.3;84.1;78.8;
0200E;S;20.06;20.98;23.17;20.91;19.09;18.70;19.54;21.54;23.33;27.36;26.02;19.20;
0200E;Cv;0.25;0.27;0.29;0.27;0.26;0.29;0.32;0.32;0.32;0.33;0.31;0.24;
0076;N;11;20;17;18;19;17;18;17;15;15;14;13;3
0076;Min;;47.0;45.0;47.0;43.0;46.0;36.0;40.0;45.0;36.0;;;
0076;Q1;;58.2;52.4;54.4;50.0;51.2;47.4;47.0;48.4;44.2;;;
0076;Q2;;65.0;63.4;65.0;56.0;54.0;50.0;50.4;52.8;56.0;;;
0076;Q3;;67.6;70.2;70.8;65.0;54.8;52.8;57.6;59.6;67.2;;;
0076;Q4;;75.2;80.4;80.2;72.0;61.6;71.0;73.0;68.8;81.6;;;
0076;Max;;93.0;89.0;91.0;86.0;72.0;85.0;83.0;76.0;91.0;;;
0076;Mn;;66.0;67.0;67.5;62.0;54.0;52.0;54.0;58.0;61.0;;;
0076;Md;;66.5;66.5;67.8;62.2;55.8;55.9;57.4;57.9;62.5;;;
0076;S;;10.83;13.90;12.30;13.07;6.79;13.46;13.73;9.48;17.25;;;
0076;Cv;;0.16;0.21;0.18;0.21;0.12;0.24;0.24;0.16;0.28;;;
1082;N;25;26;28;26;27;30;27;29;26;28;23;26;11
1082;Min;45.0;65.0;49.0;52.0;51.0;46.0;39.0;41.0;31.0;45.0;47.0;46.0;
1082;Q1;65.6;71.2;62.6;63.4;61.0;51.2;49.0;52.0;55.0;60.8;66.8;68.0;
1082;Q2;77.2;80.0;75.6;65.8;64.2;55.4;52.2;56.0;60.6;68.0;72.2;80.2;
1082;Q3;89.6;89.0;81.2;70.8;68.0;62.6;57.8;65.0;71.2;72.6;84.4;85.4;
1082;Q4;97.2;100.2;89.0;84.6;78.8;71.6;65.0;78.0;77.6;85.0;93.6;115.6;
1082;Max;122.0;116.0;111.0;112.0;100.0;105.0;76.0;104.0;92.0;112.0;126.0;125.0;
1082;Mn;81.0;85.5;78.0;67.5;66.0;57.5;54.0;59.0;66.0;69.0;78.0;83.0;
1082;Md;82.5;85.6;78.3;72.7;69.3;63.0;56.7;64.2;64.9;73.2;80.1;86.5;
1082;S;17.40;13.93;15.03;14.83;11.69;15.35;9.23;15.75;14.06;15.73;17.47;21.06;
1082;Cv;0.21;0.16;0.19;0.20;0.17;0.24;0.16;0.25;0.22;0.21;0.22;0.24;
2331;N;22;19;23;26;21;20;24;24;18;21;20;20;4
2331;Min;49.0;55.0;46.0;55.0;45.0;54.0;48.0;37.0;54.0;54.0;55.0;53.0;
2331;Q1;58.2;60.0;58.8;60.4;62.6;59.0;62.0;59.0;63.6;62.6;64.2;61.4;
2331;Q2;65.8;73.0;66.6;68.8;67.0;61.8;66.0;64.0;68.6;69.6;68.8;70.4;
2331;Q3;77.8;84.0;78.8;73.2;70.8;71.6;68.0;70.0;75.4;84.2;81.6;77.0;
2331;Q4;86.2;90.0;85.0;80.4;76.6;76.0;77.0;79.0;83.6;94.6;92.8;92.4;
2331;Max;109.0;111.0;115.0;97.0;88.0;103.0;86.0;117.0;97.0;123.0;105.0;106.0;
2331;Mn;71.5;74.0;74.0;71.0;69.0;68.0;68.0;66.5;71.5;84.0;72.0;72.0;
2331;Md;73.0;77.1;73.9;71.6;69.0;68.4;68.0;68.7;72.8;80.9;76.6;75.1;
2331;S;14.93;15.72;15.98;11.10;9.23;11.71;8.95;15.44;11.26;19.41;14.74;14.75;
2331;Cv;0.20;0.20;0.22;0.15;0.13;0.17;0.13;0.22;0.15;0.24;0.19;0.20;
3469A;N;22;24;28;25;26;24;23;23;24;25;26;22;12
3469A;Min;36.0;41.0;43.0;47.0;50.0;46.0;44.0;46.0;38.0;39.0;51.0;41.0;
3469A;Q1;59.6;60.0;56.0;52.8;53.8;53.0;49.8;52.0;54.0;52.2;54.4;53.4;
3469A;Q2;69.0;63.0;63.6;64.4;59.0;55.0;58.0;55.0;57.0;63.8;59.8;72.2;
3469A;Q3;75.4;71.0;66.4;69.6;63.0;60.0;63.0;59.0;62.0;73.8;68.2;75.0;
3469A;Q4;83.4;86.0;73.6;73.0;71.6;67.0;66.0;64.0;68.0;84.2;76.0;81.4;
3469A;Max;108.0;96.0;91.0;94.0;76.0;82.0;72.0;81.0;95.0;101.0;105.0;104.0;
3469A;Mn;70.5;66.0;65.0;67.0;61.5;59.0;59.0;55.0;60.5;68.0;65.5;74.5;
3469A;Md;70.6;70.0;65.4;66.2;62.0;59.6;59.1;58.0;62.6;68.7;66.9;70.0;
3469A;S;15.28;14.45;9.89;11.48;7.48;9.29;7.94;8.33;13.21;16.48;13.58;15.86;
3469A;Cv;0.22;0.21;0.15;0.17;0.12;0.16;0.13;0.14;0.21;0.24;0.20;0.23;
5973;N;21;21;25;23;24;26;23;17;26;23;24;25;8
5973;Min;48.0;56.0;58.0;48.0;56.0;55.0;60.0;43.0;47.0;58.0;61.0;44.0;
5973;Q1;56.8;67.8;67.2;67.8;61.0;63.8;62.6;61.8;58.0;62.6;72.0;69.0;
5973;Q2;62.6;73.8;75.6;73.2;72.0;71.6;68.8;66.6;69.8;73.2;76.0;72.8;
5973;Q3;76.0;81.4;87.4;80.4;76.0;85.0;76.0;72.8;74.4;80.2;79.0;82.2;
5973;Q4;88.6;102.0;95.4;94.6;89.0;91.8;78.0;76.0;84.2;100.2;92.0;94.0;
5973;Max;119.0;122.0;144.0;126.0;100.0;112.0;107.0;86.0;120.0;130.0;119.0;126.0;
5973;Mn;74.0;78.0;79.0;77.0;74.0;77.5;72.0;72.0;72.0;74.0;77.0;74.0;
5973;Md;72.9;81.5;83.5;79.8;75.7;78.4;73.0;68.4;72.3;80.1;81.6;79.8;
5973;S;17.82;17.58;18.81;16.85;13.06;14.13;10.99;11.69;15.06;19.60;14.49;18.32;
5973;Cv;0.24;0.22;0.23;0.21;0.17;0.18;0.15;0.17;0.21;0.24;0.18;0.23;
5960;N;17;18;19;18;16;15;17;16;18;16;15;14;5
5960;Min;54.0;44.0;54.0;52.0;48.0;44.0;39.0;44.0;43.0;49.0;46.0;;
5960;Q1;58.6;52.0;61.0;56.6;54.4;50.0;48.0;48.0;51.8;59.8;49.2;;
5960;Q2;63.0;61.0;67.0;58.2;56.8;55.4;52.8;50.8;54.4;67.8;61.8;;
5960;Q3;69.8;68.6;72.0;65.4;59.4;56.0;58.6;56.0;59.0;72.4;70.8;;
5960;Q4;72.8;74.4;83.0;76.4;68.0;59.0;67.0;56.6;61.4;81.8;80.0;;
5960;Max;85.0;87.0;83.0;80.0;70.0;70.0;87.0;61.0;80.0;89.0;135.0;;
5960;Mn;67.0;64.0;71.0;60.0;59.0;56.0;56.0;53.0;58.0;70.0;68.0;;
5960;Md;66.8;64.4;70.3;64.1;59.5;54.9;57.4;52.6;56.9;69.9;70.9;;
5960;S;8.74;11.61;9.51;9.39;6.73;6.41;12.27;4.96;8.41;10.88;23.98;;
5960;Cv;0.13;0.18;0.14;0.15;0.11;0.12;0.21;0.09;0.15;0.16;0.34;;
5910;N;15;15;16;11;17;17;13;19;16;13;12;15;2
5910;Min;54.0;50.0;46.0;;50.0;40.0;;42.0;36.0;;;56.0;
5910;Q1;61.2;58.4;63.6;;54.0;56.0;;51.0;48.4;;;62.0;
5910;Q2;65.4;67.2;69.8;;60.2;59.0;;55.0;54.0;;;67.4;
5910;Q3;67.6;78.2;80.2;;66.6;66.4;;59.0;59.0;;;76.0;
5910;Q4;80.0;83.6;83.0;;72.4;75.2;;63.0;63.4;;;82.2;
5910;Max;91.0;90.0;102.0;;76.0;79.0;;71.0;71.0;;;88.0;
5910;Mn;67.0;74.0;72.0;;64.0;62.0;;58.0;57.0;;;70.0;
5910;Md;68.8;71.1;74.1;;63.2;63.2;;57.3;55.6;;;72.0;
5910;S;10.07;12.98;13.40;;8.49;11.00;;7.54;8.78;;;9.54;
5910;Cv;0.15;0.18;0.18;;0.13;0.17;;0.13;0.16;;;0.13;
6001;N;14;16;10;12;16;8;17;14;15;16;13;10;3
6001;Min;;69.0;;;68.0;;45.0;;69.0;67.0;;;
6001;Q1;;81.4;;;78.0;;79.8;;76.2;77.0;;;
6001;Q2;;88.8;;;86.2;;84.6;;86.8;84.4;;;
6001;Q3;;107.4;;;98.4;;98.0;;90.6;92.8;;;
6001;Q4;;116.2;;;102.8;;109.0;;99.8;105.8;;;
6001;Max;;152.0;;;117.0;;118.0;;125.0;127.0;;;
6001;Mn;;102.0;;;88.5;;96.0;;89.0;89.5;;;
6001;Md;;99.9;;;90.8;;92.6;;89.7;90.7;;;
6001;S;;21.00;;;13.44;;18.08;;14.49;16.10;;;
6001;Cv;;0.21;;;0.15;;0.20;;0.16;0.18;;;
1111;N;9;8;11;12;11;11;11;10;9;9;7;7;0
1111;Min;;;;;;;;;;;;;
1111;Q1;;;;;;;;;;;;;
1111;Q2;;;;;;;;;;;;;
1111;Q3;;;;;;;;;;;;;
1111;Q4;;;;;;;;;;;;;
1111;Max;;;;;;;;;;;;;
1111;Mn;;;;;;;;;;;;;
1111;Md;;;;;;;;;;;;;
1111;S;;;;;;;;;;;;;
1111;Cv;;;;;;;;;;;;;
1109;N;18;19;23;21;20;23;22;20;24;22;18;18;2
1109;Min;54.0;74.0;59.0;54.0;52.0;44.0;46.0;45.0;43.0;60.0;67.0;60.0;
1109;Q1;81.2;83.0;69.8;66.2;63.0;49.4;53.2;52.0;56.0;71.6;76.8;81.0;
1109;Q2;94.8;87.0;76.0;79.6;76.0;56.0;57.0;57.8;67.0;76.0;83.8;87.0;
1109;Q3;105.4;96.0;84.6;85.4;80.6;67.4;63.0;62.2;78.0;81.8;90.6;93.4;
1109;Q4;111.0;115.0;92.8;89.0;85.0;76.0;67.4;69.0;85.0;90.0;107.8;102.2;
1109;Max;117.0;137.0;109.0;107.0;91.0;94.0;74.0;84.0;94.0;111.0;139.0;147.0;
1109;Mn;97.5;93.0;78.0;83.0;78.0;63.0;61.0;60.5;73.0;79.0;88.0;88.0;
1109;Md;96.4;97.3;81.7;80.3;75.6;63.6;60.5;61.5;70.5;80.8;90.9;92.5;
1109;S;16.44;17.93;13.84;13.43;11.90;14.31;8.08;11.09;15.02;12.10;18.79;17.57;
1109;Cv;0.17;0.18;0.17;0.17;0.16;0.23;0.13;0.18;0.21;0.15;0.21;0.19;
8500A;N;26;30;30;29;28;30;28;27;25;27;28;27;14
8500A;Min;36.0;39.0;40.0;39.0;45.0;36.0;36.0;37.0;38.0;41.0;42.0;44.0;
8500A;Q1;50.8;57.2;50.0;56.0;50.0;45.0;41.8;44.2;46.0;46.6;47.8;55.6;
8500A;Q2;59.8;64.0;66.8;61.0;55.2;47.4;48.6;47.4;52.0;52.2;53.2;61.2;
8500A;Q3;62.8;71.6;75.0;69.0;62.0;50.0;52.8;52.0;56.8;58.0;61.0;71.2;
8500A;Q4;76.6;82.4;79.6;80.0;70.0;55.8;57.6;61.8;61.8;65.2;71.2;80.2;
8500A;Max;96.0;96.0;113.0;92.0;86.0;70.0;86.0;75.0;83.0;89.0;98.0;99.0;
8500A;Mn;61.0;66.5;72.0;63.0;59.5;49.0;50.5;50.0;53.0;54.0;57.0;64.0;
8500A;Md;63.7;68.3;69.2;65.6;59.5;50.2;51.5;52.5;54.2;56.6;59.2;67.7;
8500A;S;14.83;13.44;17.86;12.11;10.42;7.59;11.36;10.15;9.93;10.81;12.89;14.17;
8500A;Cv;0.23;0.20;0.26;0.18;0.18;0.15;0.22;0.19;0.18;0.19;0.22;0.21;
5000C;N;2;2;2;2;2;2;5;2;3;2;3;5;0
5000C;Min;;;;;;;;;;;;;
5000C;Q1;;;;;;;;;;;;;
5000C;Q2;;;;;;;;;;;;;
5000C;Q3;;;;;;;;;;;;;
5000C;Q4;;;;;;;;;;;;;
5000C;Max;;;;;;;;;;;;;
5000C;Mn;;;;;;;;;;;;;
5000C;Md;;;;;;;;;;;;;
5000C;S;;;;;;;;;;;;;
5000C;Cv;;;;;;;;;;;;;
4121;N;15;21;20;24;22;20;17;19;21;19;20;16;2
4121;Min;42.0;41.0;33.0;39.0;36.0;42.0;39.0;41.0;32.0;39.0;34.0;38.0;
4121;Q1;46.2;46.4;47.0;47.0;45.0;43.4;40.0;45.0;42.4;43.0;42.2;45.8;
4121;Q2;52.2;49.8;51.2;52.0;50.0;48.4;47.6;52.0;47.0;50.0;48.8;49.6;
4121;Q3;58.0;61.2;57.0;56.0;55.8;51.6;53.8;58.0;50.0;53.0;57.0;55.2;
4121;Q4;60.8;72.8;64.2;61.0;62.8;58.8;64.4;61.0;59.8;66.0;64.6;64.8;
4121;Max;68.0;86.0;79.0;70.0;66.0;69.0;94.0;83.0;65.0;79.0;101.0;104.0;
4121;Mn;57.0;59.0;54.0;54.0;54.0;50.5;50.0;58.0;49.0;50.0;52.0;50.0;
4121;Md;54.4;59.1;54.8;54.1;53.3;51.7;54.1;55.2;49.3;53.3;55.3;56.7;
4121;S;7.31;14.32;10.83;7.51;8.29;8.17;15.02;9.76;8.62;10.57;15.46;16.67;
4121;Cv;0.13;0.24;0.20;0.14;0.16;0.16;0.28;0.18;0.17;0.20;0.28;0.29;
5402;N;11;12;12;13;10;11;13;10;14;10;11;11;2
5402;Min;;;;;;;;;;;;;
5402;Q1;;;;;;;;;;;;;
5402;Q2;;;;;;;;;;;;;
5402;Q3;;;;;;;;;;;;;
5402;Q4;;;;;;;;;;;;;
5402;Max;;;;;;;;;;;;;
5402;Mn;;;;;;;;;;;;;
5402;Md;;;;;;;;;;;;;
5402;S;;;;;;;;;;;;;
5402;Cv;;;;;;;;;;;;;
8096;N;21;26;29;26;23;20;23;20;20;21;23;24;1
8096;Min;36.0;33.0;36.0;34.0;42.0;36.0;40.0;45.0;38.0;43.0;43.0;26.0;
8096;Q1;49.4;50.2;50.0;49.0;49.0;50.4;46.0;47.6;45.0;46.4;49.4;51.0;
8096;Q2;56.6;57.6;61.0;54.0;56.4;58.4;54.0;58.6;50.8;54.8;53.2;56.0;
8096;Q3;64.4;66.0;65.0;63.0;61.4;63.2;63.0;64.6;54.0;56.4;59.8;63.0;
8096;Q4;69.4;75.8;74.0;68.0;68.2;77.0;68.0;69.8;57.8;68.0;65.0;75.0;
8096;Max;96.0;113.0;85.0;94.0;76.0;83.0;79.0;83.0;68.0;88.0;76.0;99.0;
8096;Mn;61.0;62.0;61.0;58.5;61.0;60.0;62.0;62.0;54.0;55.0;57.0;61.0;
8096;Md;61.0;64.0;62.0;60.0;58.8;61.8;58.4;61.4;52.4;57.3;56.9;61.5;
8096;S;14.43;17.66;12.36;13.90;9.84;13.45;10.94;11.74;8.11;10.90;9.04;15.94;
8096;Cv;0.24;0.28;0.20;0.23;0.17;0.22;0.19;0.19;0.15;0.19;0.16;0.26;
1014;N;22;21;23;23;23;22;24;20;21;20;24;22;2
1014;Min;44.0;58.0;55.0;52.0;52.0;43.0;38.0;38.0;41.0;50.0;52.0;41.0;
1014;Q1;61.0;72.0;60.6;58.8;58.0;51.2;47.0;45.0;50.6;55.2;59.0;66.6;
1014;Q2;68.0;80.2;71.6;65.0;60.2;58.0;49.0;48.0;58.8;61.8;69.0;76.2;
1014;Q3;87.0;90.0;85.4;67.0;64.2;63.0;61.0;58.6;65.0;69.8;76.0;87.8;
1014;Q4;95.6;104.0;96.2;72.4;69.2;78.8;65.0;74.4;76.6;96.8;86.0;98.0;
1014;Max;130.0;125.0;115.0;88.0;79.0;101.0;86.0;79.0;83.0;126.0;144.0;126.0;
1014;Mn;75.5;87.0;77.0;65.0;61.0;59.5;53.0;56.0;61.0;67.0;70.5;83.0;
1014;Md;79.7;87.2;79.3;66.7;63.0;64.2;56.0;56.7;62.4;72.9;74.7;83.5;
1014;S;22.56;16.85;18.28;8.87;6.51;16.02;11.73;13.65;12.65;21.00;19.03;19.34;
1014;Cv;0.28;0.19;0.23;0.13;0.10;0.25;0.21;0.24;0.20;0.29;0.25;0.23;
1024E;N;30;27;29;30;29;29;26;28;28;29;25;29;16
1024E;Min;73.0;83.0;62.0;61.0;64.0;50.0;54.0;46.0;51.0;70.0;81.0;76.0;114.0
1024E;Q1;97.4;90.6;91.0;76.4;76.0;66.0;62.0;59.6;79.0;89.0;89.2;97.0;125.4
1024E;Q2;108.0;99.4;104.0;90.0;82.0;73.0;69.8;69.6;86.0;97.0;94.8;104.0;126.8
1024E;Q3;115.6;105.8;110.0;102.2;87.0;86.0;81.2;74.2;89.0;104.0;102.0;121.0;138.4
1024E;Q4;124.6;122.2;119.0;111.2;100.0;92.0;92.6;88.2;95.2;124.0;118.4;138.0;149.4
1024E;Max;132.0;137.0;142.0;135.0;115.0;132.0;117.0;106.0;112.0;144.0;184.0;158.0;184.0
1024E;Mn;109.5;102.0;107.0;94.0;86.0;82.0;75.5;72.5;88.0;98.0;100.0;114.0;134.0
1024E;Md;109.1;105.3;105.8;94.4;86.2;80.1;77.4;73.7;86.5;103.6;105.1;115.3;136.7
1024E;S;16.16;15.53;17.22;18.31;13.55;16.23;17.60;14.86;14.13;18.31;22.43;20.99;17.48
1024E;Cv;0.15;0.15;0.16;0.19;0.16;0.20;0.23;0.20;0.16;0.18;0.21;0.18;0.13
0367;N;20;21;18;20;19;18;20;20;19;21;22;21;5
0367;Min;40.0;34.0;33.0;43.0;43.0;38.0;32.0;40.0;42.0;34.0;27.0;38.0;
0367;Q1;47.0;47.0;48.0;47.0;47.0;43.8;44.2;47.4;47.0;45.8;41.0;47.0;
0367;Q2;54.4;49.8;56.4;54.0;47.0;50.0;47.0;52.8;50.0;50.8;48.4;55.8;
0367;Q3;64.6;54.8;65.0;59.0;51.0;55.2;53.6;57.6;52.0;58.0;59.8;61.4;
0367;Q4;76.0;61.4;71.6;66.6;58.0;60.4;57.8;62.0;58.0;61.6;70.8;69.2;
0367;Max;107.0;110.0;83.0;80.0;63.0;65.0;59.0;78.0;70.0;74.0;87.0;84.0;
0367;Mn;60.0;54.0;61.5;55.0;49.0;52.0;52.0;54.5;52.0;54.0;54.0;57.0;
0367;Md;62.2;56.0;59.9;57.2;51.1;52.2;50.2;55.8;52.5;54.0;55.1;58.5;
0367;S;17.54;16.23;14.39;9.99;6.26;8.22;7.15;9.31;6.61;9.62;15.90;12.16;
0367;Cv;0.28;0.29;0.24;0.17;0.12;0.16;0.14;0.17;0.13;0.18;0.29;0.21;
5530E;N;26;29;30;27;27;30;29;27;30;30;28;27;19
5530E;Min;38.0;39.0;46.0;48.0;45.0;40.0;45.0;40.0;43.0;33.0;37.0;39.0;61.0
5530E;Q1;46.2;47.0;53.2;53.0;50.0;48.4;50.0;48.6;48.2;44.0;49.8;48.8;71.0
5530E;Q2;54.8;57.0;58.0;56.0;55.2;53.0;54.0;52.8;53.4;54.0;53.8;58.2;79.0
5530E;Q3;62.6;59.0;61.6;59.6;59.0;59.0;63.0;59.8;58.6;64.0;61.4;68.0;90.0
5530E;Q4;69.8;68.0;70.4;69.0;65.8;61.0;71.0;68.2;69.6;67.6;65.6;74.8;99.0
5530E;Max;93.0;86.0;87.0;97.0;102.0;80.0;100.0;84.0;90.0;80.0;99.0;105.0;105.0
5530E;Mn;58.0;58.0;59.5;58.0;58.0;55.0;56.0;57.0;57.0;57.0;60.0;64.0;86.0
5530E;Md;58.5;58.8;62.6;60.9;59.7;55.8;61.0;58.5;58.5;57.3;59.0;63.2;84.6
5530E;S;13.27;10.81;11.60;10.67;12.04;8.07;13.36;10.90;11.76;11.79;13.75;15.58;13.06
5530E;Cv;0.23;0.18;0.19;0.18;0.20;0.14;0.22;0.19;0.20;0.21;0.23;0.25;0.15
5514;N;19;20;21;20;21;19;17;20;17;19;17;18;13
5514;Min;37.0;33.0;45.0;47.0;43.0;42.0;43.0;38.0;40.0;41.0;41.0;29.0;
5514;Q1;45.0;43.6;50.0;52.2;50.2;47.0;47.4;54.4;44.0;49.0;46.6;36.4;
5514;Q2;58.0;53.8;53.4;58.0;55.6;50.0;51.2;60.0;47.0;56.0;54.2;50.4;
5514;Q3;61.0;61.0;62.2;61.2;58.0;54.0;57.0;63.0;56.4;66.0;59.8;65.2;
5514;Q4;74.0;66.8;76.0;68.8;65.8;55.0;67.4;67.4;71.8;74.0;72.8;72.8;
5514;Max;92.0;72.0;83.0;73.0;84.0;72.0;84.0;77.0;82.0;90.0;90.0;85.0;
5514;Mn;60.0;60.0;60.0;60.0;56.0;51.0;53.0;61.5;48.0;58.0;59.0;58.0;
5514;Md;59.9;55.9;60.9;60.3;58.3;52.6;57.0;60.6;56.1;61.8;60.0;56.5;
5514;S;14.28;11.53;12.41;8.06;9.81;7.20;11.65;8.99;14.38;13.70;14.79;18.27;
5514;Cv;0.24;0.21;0.20;0.13;0.17;0.14;0.20;0.15;0.26;0.22;0.25;0.32;
3013;N;20;23;24;26;23;21;21;20;23;20;23;20;11
3013;Min;37.0;50.0;39.0;45.0;43.0;32.0;46.0;45.0;43.0;44.0;43.0;48.0;
3013;Q1;47.4;55.8;54.0;54.0;54.0;48.2;54.0;50.0;49.6;46.8;47.8;50.8;
3013;Q2;63.0;61.0;61.0;57.0;58.6;51.8;57.8;54.0;54.0;54.0;55.4;62.6;
3013;Q3;72.0;70.8;70.0;63.4;65.0;54.6;63.6;56.2;57.8;59.2;61.0;69.0;
3013;Q4;81.2;80.6;76.0;68.6;68.0;63.4;74.4;69.6;62.2;74.6;67.4;75.6;
3013;Max;91.0;95.0;83.0;96.0;76.0;75.0;91.0;78.0;76.0;83.0;87.0;95.0;
3013;Mn;71.5;68.0;66.5;60.0;61.0;54.0;61.0;54.5;56.0;58.0;58.0;67.0;
3013;Md;66.7;68.0;64.3;62.3;60.9;54.5;63.6;57.8;57.1;59.3;58.8;66.2;
3013;S;15.25;13.19;12.09;11.31;7.93;11.60;11.32;9.36;8.54;12.18;10.78;13.24;
3013;Cv;0.23;0.19;0.19;0.18;0.13;0.21;0.18;0.16;0.15;0.21;0.18;0.20;
4642E;N;15;18;18;18;19;18;16;21;17;16;18;17;2
4642E;Min;38.0;40.0;49.0;46.0;42.0;43.0;42.0;43.0;43.0;42.0;42.0;44.0;
4642E;Q1;53.8;44.8;53.8;53.4;49.0;45.0;44.4;45.4;48.6;48.4;52.8;47.6;
4642E;Q2;62.0;56.6;55.6;57.0;50.0;49.6;46.0;47.0;49.6;58.0;60.0;57.2;
4642E;Q3;69.6;63.4;60.4;59.4;56.0;52.8;50.2;50.6;53.0;62.0;68.4;62.8;
4642E;Q4;76.4;73.2;63.2;67.0;62.0;56.4;54.2;61.6;58.4;78.6;80.2;84.0;
4642E;Max;85.0;95.0;68.0;94.0;68.0;67.0;57.0;79.0;82.0;92.0;103.0;117.0;
4642E;Mn;67.0;61.5;57.5;58.0;53.0;51.0;48.5;49.0;52.0;59.0;66.0;60.0;
4642E;Md;65.5;60.9;58.2;61.2;54.5;52.2;48.9;53.0;54.5;62.8;65.9;65.4;
4642E;S;12.89;15.13;5.15;12.56;7.49;6.64;4.76;9.69;9.80;14.66;15.50;19.15;
4642E;Cv;0.20;0.25;0.09;0.21;0.14;0.13;0.10;0.18;0.18;0.23;0.24;0.29;
9898;N;19;18;19;24;16;17;18;13;16;16;18;20;5
9898;Min;58.0;62.0;68.0;51.0;55.0;57.0;58.0;;47.0;54.0;67.0;63.0;
9898;Q1;78.0;75.0;74.0;71.0;62.2;68.6;68.2;;64.8;67.0;71.8;71.4;
9898;Q2;83.0;84.8;82.0;77.0;71.8;74.4;79.0;;71.6;75.6;79.0;81.4;
9898;Q3;87.0;93.4;86.0;82.0;79.2;80.8;91.2;;76.0;80.2;84.0;84.2;
9898;Q4;96.0;102.2;96.0;91.0;86.6;98.2;99.6;;83.0;87.8;96.8;90.6;
9898;Max;109.0;118.0;101.0;102.0;100.0;122.0;133.0;;100.0;109.0;123.0;97.0;
9898;Mn;86.0;87.0;84.0;80.5;76.5;79.0;84.5;;72.5;77.0;83.0;83.0;
9898;Md;85.2;88.4;84.8;80.2;75.6;82.2;85.7;;73.8;77.9;84.5;81.8;
9898;S;13.29;14.60;10.03;11.66;12.90;18.08;19.15;;12.16;13.13;14.58;9.95;
9898;Cv;0.16;0.17;0.12;0.15;0.17;0.22;0.22;;0.16;0.17;0.17;0.12;
5270B;N;6;9;10;11;12;4;7;10;5;11;10;10;0
5270B;Min;;;;;;;;;;;;;
5270B;Q1;;;;;;;;;;;;;
5270B;Q2;;;;;;;;;;;;;
5270B;Q3;;;;;;;;;;;;;
5270B;Q4;;;;;;;;;;;;;
5270B;Max;;;;;;;;;;;;;
5270B;Mn;;;;;;;;;;;;;
5270B;Md;;;;;;;;;;;;;
5270B;S;;;;;;;;;;;;;
5270B;Cv;;;;;;;;;;;;;
9170;N;25;23;23;25;25;23;25;26;28;24;22;20;10
9170;Min;45.0;52.0;50.0;52.0;48.0;48.0;47.0;45.0;41.0;51.0;46.0;48.0;
9170;Q1;56.8;63.4;57.8;61.2;52.0;53.0;58.0;50.8;52.8;54.0;55.6;61.8;
9170;Q2;65.4;77.2;64.8;65.0;59.8;57.0;63.4;62.2;58.0;65.0;60.8;70.8;
9170;Q3;73.4;84.6;69.8;70.4;67.2;65.4;69.2;66.4;65.0;70.0;68.0;77.8;
9170;Q4;81.8;94.4;81.4;78.8;73.6;71.4;81.6;90.0;71.2;77.0;80.0;80.0;
9170;Max;93.0;126.0;93.0;95.0;81.0;90.0;108.0;97.0;84.0;101.0;94.0;97.0;
9170;Mn;69.0;81.0;68.0;67.0;63.0;63.0;65.0;65.0;63.0;66.5;65.0;72.5;
9170;Md;69.0;80.1;68.1;69.6;63.4;62.8;68.9;67.7;62.1;67.8;66.8;72.3;
9170;S;13.07;17.48;11.23;10.39;10.17;10.90;13.77;16.42;11.02;12.43;12.88;11.52;
9170;Cv;0.19;0.22;0.16;0.15;0.16;0.17;0.20;0.24;0.18;0.18;0.19;0.16;
C249I;N;25;24;22;21;27;23;25;26;25;24;22;23;6
C249I;Min;55.0;56.0;54.0;54.0;50.0;49.0;49.0;50.0;49.0;45.0;49.0;52.0;
C249I;Q1;61.2;59.0;60.2;61.0;55.2;56.0;55.2;52.8;50.4;54.0;57.0;58.0;
C249I;Q2;65.4;63.0;63.4;65.0;59.4;59.0;58.4;56.0;55.4;58.0;65.0;62.2;
C249I;Q3;68.0;68.0;67.0;68.0;63.0;61.0;63.0;58.0;58.6;63.0;65.0;66.4;
C249I;Q4;72.0;82.0;72.0;76.0;74.8;67.8;74.2;66.4;64.6;72.0;76.4;76.6;
C249I;Max;97.0;108.0;96.0;92.0;82.0;79.0;98.0;79.0;72.0;94.0;120.0;99.0;
C249I;Mn;67.0;66.0;65.5;67.0;61.0;61.0;59.0;56.0;56.0;60.0;65.0;65.0;
C249I;Md;67.8;70.2;66.2;68.2;63.6;61.4;64.1;59.3;57.7;62.3;67.5;66.7;
C249I;S;8.73;13.24;8.79;8.31;9.83;7.19;11.76;8.88;6.57;11.59;14.69;10.73;
C249I;Cv;0.13;0.19;0.13;0.12;0.15;0.12;0.18;0.15;0.11;0.19;0.22;0.16;
C649I;N;24;19;21;23;25;21;18;22;25;24;21;22;12
C649I;Min;43.0;50.0;56.0;54.0;55.0;59.0;65.0;63.0;56.0;54.0;45.0;47.0;
C649I;Q1;54.0;54.0;61.0;58.4;61.4;65.0;67.8;66.6;61.0;54.0;54.8;55.2;
C649I;Q2;58.0;58.0;66.6;67.6;65.4;66.8;73.2;70.4;65.0;58.0;58.0;63.2;
C649I;Q3;68.0;65.0;71.2;74.0;69.6;72.4;76.0;74.0;67.6;63.0;63.4;68.0;
C649I;Q4;74.0;72.0;78.6;78.2;76.0;78.8;82.2;76.0;70.8;68.0;71.6;78.4;
C649I;Max;98.0;77.0;88.0;83.0;82.0;84.0;89.0;82.0;91.0;76.0;104.0;82.0;
C649I;Mn;64.5;63.0;70.0;71.0;68.0;70.0;74.5;73.0;67.0;60.0;59.0;65.0;
C649I;Md;64.7;62.3;69.8;69.4;68.1;70.9;75.0;72.1;66.8;61.8;64.0;65.4;
C649I;S;13.17;8.25;8.57;9.22;7.16;7.38;6.85;5.11;7.47;6.90;14.66;10.62;
C649I;Cv;0.20;0.13;0.12;0.13;0.11;0.10;0.09;0.07;0.11;0.11;0.23;0.16;
C029O;N;22;24;25;23;26;28;25;25;25;25;25;24;10
C029O;Min;46.0;52.0;52.0;56.0;54.0;56.0;59.0;61.0;50.0;50.0;50.0;56.0;
C029O;Q1;57.6;59.0;63.4;65.4;61.8;60.6;70.0;67.0;61.0;56.2;56.2;59.0;
C029O;Q2;69.2;70.0;67.8;69.6;67.8;63.0;76.0;70.0;65.0;59.0;57.8;65.0;
C029O;Q3;72.0;74.0;74.0;74.0;72.0;74.0;78.0;74.0;69.0;64.2;66.2;70.0;
C029O;Q4;79.4;78.0;76.0;76.4;79.2;78.4;82.8;75.6;72.0;69.8;68.8;76.0;
C029O;Max;93.0;89.0;85.0;84.0;85.0;87.0;87.0;83.0;91.0;74.0;83.0;93.0;
C029O;Mn;72.0;71.5;71.0;72.0;70.5;69.5;76.0;72.0;67.0;61.0;63.0;68.0;
C029O;Md;69.0;69.7;70.2;70.6;70.2;69.4;75.9;71.4;66.6;62.2;63.4;68.4;
C029O;S;11.39;9.87;7.82;7.57;8.78;9.17;6.93;5.17;8.49;7.18;8.78;9.60;
C029O;Cv;0.16;0.14;0.11;0.11;0.13;0.13;0.09;0.07;0.13;0.12;0.14;0.14;
2661;N;26;29;29;27;26;26;28;29;28;29;28;26;17
2661;Min;43.0;43.0;43.0;45.0;47.0;32.0;36.0;28.0;28.0;43.0;50.0;29.0;79.0
2661;Q1;59.2;60.0;56.0;58.0;60.4;51.6;52.6;50.0;46.6;55.0;60.6;58.0;91.6
2661;Q2;68.0;72.0;65.0;65.2;65.8;58.0;61.0;58.0;56.4;62.0;66.8;68.0;96.2
2661;Q3;73.6;79.0;73.0;76.8;72.0;65.0;63.0;61.0;61.8;68.0;73.6;72.8;97.0
2661;Q4;86.6;90.0;79.0;85.8;76.6;70.4;73.6;68.0;77.4;77.0;87.6;83.2;103.2
2661;Max;105.0;130.0;108.0;97.0;97.0;93.0;92.0;84.0;102.0;95.0;102.0;101.0;130.0
2661;Mn;69.5;74.0;68.0;74.0;69.5;61.0;61.0;58.0;60.5;66.0;72.0;70.5;97.0
2661;Md;72.8;75.2;69.0;71.0;69.3;61.2;62.0;59.0;62.2;67.4;72.2;70.0;98.1
2661;S;16.85;18.89;13.89;15.09;12.32;13.09;13.26;13.00;18.47;14.03;13.68;16.93;11.03
2661;Cv;0.23;0.25;0.20;0.21;0.18;0.21;0.21;0.22;0.30;0.21;0.19;0.24;0.11
1549;N;17;19;21;23;20;20;19;18;20;21;20;19;7
1549;Min;36.0;41.0;41.0;43.0;40.0;37.0;37.0;35.0;37.0;38.0;32.0;34.0;
1549;Q1;43.8;44.0;45.8;47.0;48.0;41.4;45.0;41.8;40.2;43.8;47.4;48.0;
1549;Q2;51.6;49.0;49.8;55.8;50.0;48.0;49.0;45.2;46.4;49.4;50.0;53.0;
1549;Q3;61.0;58.0;55.0;59.8;54.6;49.6;53.0;47.4;47.6;52.4;52.6;59.0;
1549;Q4;64.4;65.0;63.4;66.8;59.2;57.6;58.0;60.8;53.6;66.8;61.0;68.0;
1549;Max;73.0;87.0;72.0;79.0;68.0;71.0;70.0;65.0;58.0;107.0;86.0;93.0;
1549;Mn;54.0;57.0;51.0;58.0;51.5;48.5;51.0;47.0;47.0;51.0;51.0;54.0;
1549;Md;54.9;56.5;53.9;58.4;52.6;49.7;51.6;48.7;47.1;55.6;53.0;57.6;
1549;S;11.25;13.35;9.27;10.34;6.85;8.76;8.26;9.27;5.71;16.69;11.29;13.56;
1549;Cv;0.20;0.24;0.17;0.18;0.13;0.18;0.16;0.19;0.12;0.30;0.21;0.24;
9771C;N;17;22;21;24;21;22;21;23;16;21;24;17;4
9771C;Min;32.0;58.0;43.0;46.0;45.0;44.0;52.0;43.0;43.0;43.0;47.0;55.0;
9771C;Q1;66.0;70.4;65.6;65.0;52.4;49.2;58.4;51.6;50.2;51.8;59.0;64.2;
9771C;Q2;77.4;81.4;79.0;73.0;64.4;63.0;64.4;62.6;58.0;57.6;66.0;68.0;
9771C;Q3;87.8;85.4;85.4;82.0;70.2;67.6;69.6;72.0;66.4;67.2;73.0;71.6;
9771C;Q4;96.8;95.4;94.0;90.0;83.6;77.2;75.6;81.4;72.6;75.8;79.0;78.0;
9771C;Max;108.0;112.0;101.0;100.0;106.0;115.0;109.0;101.0;86.0;94.0;92.0;94.0;
9771C;Mn;84.0;83.0;82.0;76.0;68.0;64.5;67.0;66.0;62.5;65.0;70.5;69.0;
9771C;Md;80.4;83.5;80.2;76.5;69.2;67.0;68.7;67.6;62.2;65.2;69.7;71.2;
9771C;S;19.93;13.07;15.63;12.89;16.26;17.62;12.75;16.03;11.83;14.87;11.58;9.46;
9771C;Cv;0.25;0.16;0.19;0.17;0.24;0.26;0.19;0.24;0.19;0.23;0.17;0.13;
1505;N;13;19;18;18;18;16;15;17;20;17;18;16;0
1505;Min;;44.0;47.0;46.0;47.0;42.0;45.0;42.0;39.0;39.0;44.0;36.0;
1505;Q1;;49.0;56.4;52.6;48.0;48.6;46.4;45.6;46.0;49.2;51.0;50.4;
1505;Q2;;61.0;63.8;59.0;57.2;52.8;49.0;50.0;54.8;57.2;54.0;55.0;
1505;Q3;;66.0;68.0;62.8;61.4;54.0;52.8;51.8;63.0;62.2;60.0;65.0;
1505;Q4;;79.0;72.2;68.0;65.6;59.2;57.4;57.4;67.4;69.0;67.8;74.0;
1505;Max;;89.0;91.0;73.0;68.0;72.0;61.0;65.0;74.0;91.0;78.0;108.0;
1505;Mn;;63.0;67.0;60.5;58.5;54.0;50.0;51.0;60.0;59.0;57.5;59.0;
1505;Md;;63.9;65.7;60.5;57.9;53.9;51.6;51.6;57.4;60.2;59.2;62.6;
1505;S;;13.62;10.78;7.47;7.58;7.01;5.00;5.97;10.54;13.00;9.11;16.51;
1505;Cv;;0.21;0.16;0.12;0.13;0.13;0.10;0.12;0.18;0.22;0.15;0.26;
3191E;N;3;3;3;2;2;3;0;4;2;4;4;6;0
3191E;Min;;;;;;;;;;;;;
3191E;Q1;;;;;;;;;;;;;
3191E;Q2;;;;;;;;;;;;;
3191E;Q3;;;;;;;;;;;;;
3191E;Q4;;;;;;;;;;;;;
3191E;Max;;;;;;;;;;;;;
3191E;Mn;;;;;;;;;;;;;
3191E;Md;;;;;;;;;;;;;
3191E;S;;;;;;;;;;;;;
3191E;Cv;;;;;;;;;;;;;
3129;N;26;23;26;28;27;28;29;30;27;21;24;23;12
3129;Min;36.0;54.0;51.0;52.0;49.0;46.0;52.0;54.0;48.0;54.0;50.0;44.0;
3129;Q1;53.8;57.8;57.6;60.8;58.2;58.4;60.0;57.4;56.6;56.0;54.0;58.2;
3129;Q2;63.4;66.0;63.8;66.2;63.0;63.6;64.0;65.0;64.2;61.0;65.0;65.2;
3129;Q3;74.0;72.8;74.8;71.4;67.6;66.0;72.0;68.0;69.6;68.4;72.0;72.0;
3129;Q4;80.0;83.8;86.2;78.0;79.6;72.4;83.0;72.0;76.0;73.2;80.0;84.2;
3129;Max;87.0;94.0;104.0;84.0;85.0;82.0;117.0;86.0;82.0;90.0;103.0;93.0;
3129;Mn;69.5;72.0;70.0;69.0;65.0;65.0;68.0;66.0;66.0;66.0;66.5;66.0;
3129;Md;67.3;71.3;71.8;68.9;67.2;64.8;72.0;66.6;66.9;66.8;68.5;69.0;
3129;S;14.02;12.00;14.63;8.60;10.86;8.49;15.24;8.52;9.36;10.20;13.93;13.28;
3129;Cv;0.21;0.17;0.20;0.12;0.16;0.13;0.21;0.13;0.14;0.15;0.20;0.19;
3196;N;26;26;27;29;29;28;26;28;28;28;29;26;19
3196;Min;32.0;47.0;49.0;48.0;48.0;50.0;52.0;43.0;41.0;41.0;45.0;33.0;72.0
3196;Q1;54.0;61.4;54.0;54.0;56.0;54.0;54.4;55.6;48.6;53.6;54.0;57.8;76.0
3196;Q2;64.2;69.6;64.2;63.0;61.0;59.6;59.8;58.0;54.0;58.0;59.0;64.8;83.0
3196;Q3;70.4;72.0;69.8;67.0;67.0;63.8;67.2;63.2;57.4;67.0;68.0;69.0;89.0
3196;Q4;76.6;77.4;72.8;72.0;72.0;70.2;82.2;71.0;65.0;72.0;76.0;74.4;94.0
3196;Max;97.0;90.0;89.0;101.0;83.0;83.0;104.0;86.0;94.0;94.0;97.0;94.0;97.0
3196;Mn;68.0;71.0;68.0;65.0;65.0;61.5;63.0;61.0;56.0;58.5;67.0;66.5;84.0
3196;Md;66.1;69.4;65.5;65.3;64.5;62.3;67.7;62.3;58.1;62.8;65.0;65.9;84.9
3196;S;14.66;10.69;10.84;11.08;8.77;9.48;14.80;9.53;11.51;12.25;12.40;12.18;8.41
3196;Cv;0.22;0.15;0.17;0.17;0.14;0.15;0.22;0.15;0.20;0.19;0.19;0.18;0.10
3200;N;25;26;27;28;26;26;29;29;28;28;27;25;14
3200;Min;41.0;54.0;55.0;48.0;52.0;54.0;50.0;47.0;46.0;42.0;48.0;45.0;
3200;Q1;54.6;59.8;60.2;63.8;57.0;60.0;61.0;57.0;53.6;56.8;59.8;56.6;
3200;Q2;66.4;63.0;65.8;68.2;62.6;63.8;72.0;60.0;59.0;62.6;63.0;69.4;
3200;Q3;74.6;68.2;76.0;72.8;67.0;68.0;76.0;65.0;63.8;72.8;69.6;73.2;
3200;Q4;80.8;78.4;87.2;84.2;76.0;80.2;86.0;69.0;76.0;81.4;80.4;88.0;
3200;Max;94.0;100.0;96.0;96.0;81.0;96.0;126.0;81.0;93.0;96.0;109.0;126.0;
3200;Mn;71.0;67.0;76.0;70.0;66.0;65.0;74.0;65.0;61.0;67.0;67.0;71.0;
3200;Md;70.1;69.3;73.8;71.9;65.6;68.6;75.5;63.9;64.0;68.2;69.5;72.4;
3200;S;14.09;12.32;12.99;12.62;8.66;11.61;17.59;7.83;12.92;13.92;14.82;17.71;
3200;Cv;0.20;0.18;0.18;0.18;0.13;0.17;0.23;0.12;0.20;0.20;0.21;0.24;
3195;N;21;23;18;21;19;22;14;21;23;21;24;19;4
3195;Min;36.0;47.0;48.0;47.0;37.0;42.0;;36.0;35.0;41.0;37.0;44.0;
3195;Q1;50.4;53.8;55.0;54.2;50.0;44.0;;44.2;46.0;48.8;48.0;49.0;
3195;Q2;60.0;57.0;58.6;61.0;54.0;53.2;;53.4;52.6;58.0;54.0;60.0;
3195;Q3;66.2;61.4;61.2;67.2;60.0;56.8;;56.2;55.8;63.6;60.0;66.0;
3195;Q4;67.6;76.4;72.0;76.2;68.0;63.2;;60.0;64.8;68.2;68.0;73.0;
3195;Max;78.0;85.0;80.0;94.0;73.0;80.0;;77.0;83.0;72.0;79.0;88.0;
3195;Mn;64.0;58.0;59.5;66.0;58.0;55.5;;55.0;54.0;59.0;56.5;64.0;
3195;Md;60.3;62.9;61.9;65.4;57.7;55.3;;54.5;56.4;59.6;58.0;62.6;
3195;S;10.54;11.44;8.92;12.29;9.87;9.48;;10.07;11.98;9.24;10.26;11.46;
3195;Cv;0.17;0.18;0.14;0.19;0.17;0.17;;0.18;0.21;0.15;0.18;0.18;
3175;N;22;25;21;21;21;17;18;27;22;19;23;21;7
3175;Min;41.0;43.0;46.0;50.0;44.0;35.0;45.0;43.0;41.0;46.0;41.0;35.0;
3175;Q1;47.0;54.0;52.8;56.0;52.8;47.4;56.0;51.2;49.6;52.0;49.4;54.4;
3175;Q2;59.4;61.2;60.4;61.0;58.8;54.6;62.2;56.4;54.0;59.0;61.0;62.0;
3175;Q3;69.8;66.6;65.6;65.0;70.0;59.0;71.6;62.6;58.8;68.0;67.0;67.0;
3175;Q4;76.8;74.8;74.6;68.4;79.2;70.2;76.4;67.4;64.4;72.0;72.2;76.4;
3175;Max;84.0;107.0;111.0;74.0;100.0;88.0;109.0;91.0;76.0;73.0;80.0;101.0;
3175;Mn;62.0;65.0;62.0;63.0;65.0;59.0;68.0;59.0;55.5;63.0;65.0;65.0;
3175;Md;63.4;65.3;66.4;62.3;66.6;58.4;68.5;60.4;57.2;61.8;62.5;65.0;
3175;S;13.69;13.83;17.29;6.61;15.31;13.30;15.52;10.11;8.87;9.60;11.01;14.54;
3175;Cv;0.22;0.21;0.26;0.11;0.23;0.23;0.23;0.17;0.16;0.16;0.18;0.22;
2462;N;13;18;16;21;24;24;23;20;19;21;20;15;7
2462;Min;;65.0;53.0;52.0;57.0;52.0;52.0;46.0;39.0;43.0;57.0;52.0;
2462;Q1;;71.8;63.8;62.0;66.0;59.0;59.6;58.0;55.0;69.2;77.4;71.2;
2462;Q2;;82.0;80.0;74.2;73.0;70.0;63.6;62.4;67.0;77.8;85.0;87.8;
2462;Q3;;91.6;86.0;86.8;78.0;76.0;71.0;66.6;71.0;86.8;91.2;97.4;
2462;Q4;;114.6;94.2;95.6;86.0;88.0;77.4;76.6;87.0;102.6;107.0;106.4;
2462;Max;;152.0;103.0;120.0;98.0;123.0;103.0;98.0;108.0;134.0;129.0;143.0;
2462;Mn;;89.5;82.0;81.0;76.5;71.5;69.0;65.5;69.0;83.0;86.5;91.0;
2462;Md;;93.3;80.0;80.2;76.3;74.5;69.6;66.6;70.6;84.2;90.7;92.5;
2462;S;;22.81;14.36;18.27;11.56;17.25;12.84;11.90;16.69;20.31;17.82;22.02;
2462;Cv;;0.24;0.18;0.23;0.15;0.23;0.18;0.18;0.24;0.24;0.20;0.24;
6155A;N;24;26;28;26;26;27;26;27;24;24;27;24;11
6155A;Min;59.0;56.0;56.0;50.0;50.0;43.0;40.0;43.0;46.0;36.0;50.0;45.0;
6155A;Q1;65.0;63.4;63.0;61.0;54.0;50.0;50.0;49.2;52.0;48.0;61.6;68.0;
6155A;Q2;71.0;69.0;68.6;64.6;57.6;54.0;53.6;52.4;54.0;59.0;67.0;69.0;
6155A;Q3;74.0;72.0;76.8;69.4;63.0;56.8;54.0;58.0;59.0;69.0;70.6;78.0;
6155A;Q4;85.0;74.0;83.2;74.0;68.6;62.6;62.2;61.8;68.0;74.0;74.0;84.0;
6155A;Max;108.0;97.0;108.0;89.0;87.0;79.0;69.0;74.0;76.0;87.0;94.0;119.0;
6155A;Mn;73.0;70.5;72.0;68.0;60.5;55.0;54.0;54.0;57.0;61.0;69.0;76.0;
6155A;Md;76.1;69.9;73.4;68.0;61.8;56.8;55.2;55.7;59.5;62.3;68.7;76.0;
6155A;S;13.85;8.44;11.69;8.98;9.29;7.92;6.87;7.55;8.81;13.28;9.50;13.24;
6155A;Cv;0.18;0.12;0.16;0.13;0.15;0.14;0.12;0.14;0.15;0.21;0.14;0.17;
6000A;N;21;19;21;19;21;20;21;18;23;22;23;19;6
6000A;Min;44.0;52.0;54.0;52.0;56.0;48.0;43.0;38.0;43.0;37.0;50.0;45.0;
6000A;Q1;62.2;63.0;63.8;61.0;59.8;56.2;52.0;49.6;47.6;53.2;63.0;67.0;
6000A;Q2;73.6;69.0;73.2;65.0;65.0;59.0;56.0;52.0;56.0;61.4;73.2;72.0;
6000A;Q3;76.4;76.0;78.0;72.0;67.0;61.0;57.2;56.0;61.0;66.6;78.0;78.0;
6000A;Q4;87.8;90.0;86.8;78.0;69.2;62.6;59.0;59.0;66.0;70.2;86.2;80.0;
6000A;Max;109.0;96.0;109.0;83.0;138.0;69.0;61.0;61.0;78.0;100.0;100.0;91.0;
6000A;Mn;74.0;72.0;74.0;70.0;67.0;61.0;57.0;55.0;59.0;65.0;74.0;78.0;
6000A;Md;75.3;74.3;76.1;69.2;68.7;59.6;55.6;53.3;58.0;63.5;75.2;74.4;
6000A;S;16.02;12.21;13.12;8.71;16.47;4.67;4.66;5.94;9.85;13.02;11.09;10.47;
6000A;Cv;0.21;0.16;0.17;0.13;0.24;0.08;0.08;0.11;0.17;0.20;0.15;0.14;
7178I;N;22;19;21;23;22;19;23;25;23;24;25;19;11
7178I;Min;33.0;42.0;40.0;48.0;41.0;42.0;40.0;36.0;40.0;36.0;37.0;46.0;
7178I;Q1;47.8;50.0;47.6;52.4;47.0;47.0;43.0;43.2;45.0;43.0;50.0;50.0;
7178I;Q2;55.2;57.0;58.8;57.0;53.0;54.0;47.0;47.0;50.0;49.0;52.8;58.0;
7178I;Q3;62.0;60.0;63.0;61.8;58.8;58.0;52.4;50.2;54.0;60.0;55.0;63.0;
7178I;Q4;79.0;80.0;68.8;66.6;62.8;61.0;55.2;61.4;62.4;68.0;61.4;64.0;
7178I;Max;104.0;89.0;95.0;79.0;71.0;76.0;71.0;76.0;70.0;108.0;70.0;77.0;
7178I;Mn;59.0;58.0;60.0;60.0;55.5;57.0;51.0;49.0;52.0;55.0;54.0;59.0;
7178I;Md;62.6;62.3;60.3;60.3;55.6;56.1;50.7;51.5;53.6;57.6;54.8;59.4;
7178I;S;19.29;13.82;12.94;8.27;8.32;8.48;8.06;10.07;8.44;15.82;6.96;8.48;
7178I;Cv;0.31;0.22;0.21;0.14;0.15;0.15;0.16;0.20;0.16;0.27;0.13;0.14;
7228;N;23;24;20;22;23;21;21;26;19;25;22;22;10
7228;Min;32.0;45.0;33.0;44.0;36.0;39.0;37.0;41.0;38.0;32.0;35.0;40.0;
7228;Q1;40.6;52.0;44.0;51.4;44.8;43.0;41.4;43.8;43.0;43.4;44.2;47.8;
7228;Q2;52.0;56.0;54.0;54.0;48.6;46.0;47.6;48.8;49.0;50.8;50.0;55.6;
7228;Q3;62.0;63.0;60.4;55.8;50.4;50.4;49.2;50.8;58.0;58.6;56.8;63.8;
7228;Q4;77.0;72.0;74.4;63.8;58.2;60.2;58.0;60.2;68.0;65.0;62.4;70.8;
7228;Max;83.0;93.0;96.0;74.0;70.0;70.0;83.0;72.0;79.0;89.0;79.0;86.0;
7228;Mn;58.0;60.0;56.5;54.0;49.0;50.0;48.0;50.0;54.0;56.0;54.0;59.0;
7228;Md;59.3;62.8;58.7;56.8;51.2;51.0;51.4;52.2;54.6;55.9;53.5;59.4;
7228;S;16.37;13.37;15.93;7.61;7.61;8.82;11.60;8.23;11.46;14.22;10.64;11.78;
7228;Cv;0.28;0.21;0.27;0.13;0.15;0.17;0.23;0.16;0.21;0.25;0.20;0.20;
7031;N;26;28;28;26;29;27;26;28;26;27;23;27;15
7031;Min;51.0;46.0;58.0;56.0;43.0;43.0;40.0;42.0;46.0;48.0;50.0;57.0;72.0
7031;Q1;61.0;58.0;65.8;64.4;61.0;52.0;44.6;48.8;52.4;56.4;57.6;61.6;77.4
7031;Q2;67.4;67.0;71.6;67.0;65.0;59.0;54.8;55.6;58.8;65.0;61.0;68.4;87.4
7031;Q3;73.6;73.8;76.4;72.0;68.0;65.0;61.2;61.0;65.2;69.8;65.0;76.0;93.2
7031;Q4;90.6;85.6;93.4;76.6;77.0;72.4;67.6;72.0;75.2;78.4;75.2;84.2;107.2
7031;Max;104.0;104.0;108.0;87.0;84.0;108.0;72.0;83.0;83.0;104.0;96.0;113.0;113.0
7031;Mn;70.5;68.5;75.5;68.0;67.0;61.0;59.0;58.5;62.0;68.0;62.0;72.0;88.0
7031;Md;74.0;71.8;78.5;70.4;67.2;63.4;57.2;59.8;62.8;67.5;66.4;74.3;91.0
7031;S;14.53;15.03;14.13;8.16;8.84;13.44;10.49;11.38;11.12;12.08;11.95;14.12;13.01
7031;Cv;0.20;0.21;0.18;0.12;0.13;0.21;0.18;0.19;0.18;0.18;0.18;0.19;0.14
9262;N;0;0;0;0;0;0;0;0;0;0;0;0;0
9262;Min;;;;;;;;;;;;;
9262;Q1;;;;;;;;;;;;;
9262;Q2;;;;;;;;;;;;;
9262;Q3;;;;;;;;;;;;;
9262;Q4;;;;;;;;;;;;;
9262;Max;;;;;;;;;;;;;
9262;Mn;;;;;;;;;;;;;
9262;Md;;;;;;;;;;;;;
9262;S;;;;;;;;;;;;;
9262;Cv;;;;;;;;;;;;;
9263D;N;21;21;21;21;22;22;23;20;22;19;18;19;5
9263D;Min;50.0;54.0;51.0;54.0;46.0;49.0;50.0;52.0;45.0;53.0;40.0;48.0;
9263D;Q1;55.4;61.0;56.4;58.0;62.2;51.8;57.6;58.2;55.2;59.0;56.0;55.0;
9263D;Q2;70.8;64.8;62.4;64.6;67.4;56.6;61.0;65.4;61.4;65.0;60.6;63.0;
9263D;Q3;76.2;74.4;76.2;68.8;74.0;65.0;66.2;71.6;65.0;72.0;67.0;64.0;
9263D;Q4;79.2;88.6;78.6;81.8;77.4;76.6;79.0;80.8;68.8;76.0;80.4;73.0;
9263D;Max;84.0;130.0;86.0;101.0;91.0;93.0;115.0;99.0;79.0;94.0;110.0;87.0;
9263D;Mn;72.0;74.0;71.0;65.0;69.5;62.0;63.0;68.0;63.5;68.0;64.0;63.0;
9263D;Md;69.8;75.2;68.9;69.5;70.1;63.6;68.4;70.0;62.5;69.1;67.8;65.1;
9263D;S;10.97;18.85;11.46;12.59;10.86;12.97;14.94;13.22;8.26;10.38;16.91;11.27;
9263D;Cv;0.16;0.25;0.17;0.18;0.15;0.20;0.22;0.19;0.13;0.15;0.25;0.17;
1690A;N;20;18;21;21;20;20;21;18;21;17;21;19;4
1690A;Min;40.0;35.0;34.0;39.0;38.0;38.0;32.0;35.0;35.0;40.0;37.0;33.0;
1690A;Q1;41.2;42.6;46.4;43.8;42.6;40.4;39.0;42.0;40.4;43.0;40.4;41.0;
1690A;Q2;49.4;48.8;50.8;48.6;47.4;45.0;41.0;45.0;44.0;49.0;48.0;48.0;
1690A;Q3;56.2;60.2;52.2;53.6;51.8;48.0;43.4;47.2;45.2;53.8;50.4;56.0;
1690A;Q4;62.4;71.4;60.0;66.2;56.0;50.8;48.0;54.0;52.8;66.8;57.2;63.0;
1690A;Max;75.0;90.0;66.0;76.0;67.0;65.0;81.0;64.0;55.0;73.0;64.0;83.0;
1690A;Mn;53.5;56.0;52.0;51.0;48.5;46.0;42.0;45.5;45.0;50.0;49.0;51.0;
1690A;Md;54.0;57.3;52.5;53.5;50.5;47.4;44.8;47.5;45.6;53.8;49.2;53.1;
1690A;S;11.24;15.66;7.76;10.91;8.28;7.45;10.28;8.04;5.73;10.73;7.98;12.36;
1690A;Cv;0.21;0.27;0.15;0.20;0.16;0.16;0.23;0.17;0.13;0.20;0.16;0.23;
1484C;N;18;17;20;20;20;21;22;18;21;16;17;17;3
1484C;Min;41.0;31.0;37.0;38.0;41.0;35.0;36.0;37.0;39.0;37.0;41.0;41.0;
1484C;Q1;57.4;51.8;54.4;49.2;46.0;41.2;42.6;43.0;44.0;47.8;51.0;47.2;
1484C;Q2;65.8;61.8;60.4;54.8;51.4;46.0;47.0;47.0;47.8;52.8;58.0;59.4;
1484C;Q3;75.4;65.8;65.6;61.0;58.0;50.0;50.0;50.8;52.4;58.8;64.2;66.2;
1484C;Q4;81.4;72.0;67.8;68.0;63.0;63.0;52.4;54.6;59.2;71.8;71.4;79.2;
1484C;Max;107.0;90.0;83.0;75.0;70.0;80.0;62.0;72.0;70.0;90.0;78.0;101.0;
1484C;Mn;72.0;65.0;62.5;60.0;54.5;49.0;48.0;49.0;50.0;55.5;59.0;62.0;
1484C;Md;70.2;62.5;61.7;58.3;55.2;50.9;48.5;50.2;51.9;58.6;60.5;64.5;
1484C;S;14.95;13.99;10.79;10.04;8.77;11.61;6.52;8.07;9.19;14.52;9.65;16.70;
1484C;Cv;0.21;0.22;0.17;0.17;0.16;0.23;0.13;0.16;0.18;0.25;0.16;0.26;
1495;N;24;28;25;27;27;27;25;26;25;26;24;25;15
1495;Min;50.0;45.0;45.0;47.0;36.0;45.0;37.0;42.0;39.0;40.0;40.0;34.0;86.0
1495;Q1;61.0;60.4;52.4;58.0;49.6;47.0;45.4;45.4;48.4;58.0;58.0;57.4;93.0
1495;Q2;72.0;67.6;61.8;60.2;54.4;56.0;48.0;49.6;52.4;60.6;62.0;65.0;97.0
1495;Q3;76.0;73.8;71.6;70.0;58.8;58.0;50.0;51.2;56.0;72.2;68.0;75.2;101.6
1495;Q4;94.0;85.0;77.8;76.4;68.0;67.4;54.8;55.6;66.6;87.4;85.0;90.8;109.2
1495;Max;102.0;105.0;97.0;100.0;85.0;82.0;61.0;65.0;86.0;122.0;111.0;121.0;122.0
1495;Mn;75.0;71.5;66.0;65.0;58.0;57.0;49.0;50.0;54.0;64.0;63.0;69.0;99.0
1495;Md;76.1;72.3;66.7;66.6;58.0;57.8;49.6;51.5;57.6;70.9;70.1;73.1;100.8
1495;S;15.09;13.86;12.81;12.74;10.54;10.01;5.91;6.45;12.76;18.77;16.54;19.06;10.28
1495;Cv;0.20;0.19;0.19;0.19;0.18;0.17;0.12;0.13;0.22;0.26;0.24;0.26;0.10
2867;N;25;24;26;27;26;24;23;26;24;24;23;24;6
2867;Min;41.0;54.0;46.0;52.0;52.0;48.0;44.0;45.0;44.0;41.0;48.0;46.0;
2867;Q1;59.0;59.0;58.0;57.0;59.0;56.0;50.0;50.8;54.0;52.0;56.6;59.0;
2867;Q2;68.8;67.0;66.6;63.4;62.0;61.0;55.2;58.0;56.0;59.0;66.8;70.0;
2867;Q3;83.0;77.0;72.0;71.6;68.8;68.0;66.4;62.2;65.0;72.0;74.0;82.0;
2867;Q4;93.8;95.0;77.8;82.4;75.2;72.0;72.0;76.0;71.0;79.0;82.8;86.0;
2867;Max;119.0;115.0;96.0;97.0;86.0;94.0;81.0;103.0;83.0;119.0;113.0;121.0;
2867;Mn;72.0;72.0;68.0;67.0;66.0;65.0;59.0;59.0;60.0;65.0;69.0;75.5;
2867;Md;74.9;76.5;68.7;69.5;67.2;65.3;60.8;64.5;61.8;69.8;70.7;76.0;
2867;S;19.66;16.95;11.55;12.47;8.53;11.67;10.44;15.80;10.68;21.18;16.16;18.57;
2867;Cv;0.26;0.22;0.17;0.18;0.13;0.18;0.17;0.24;0.17;0.30;0.23;0.24;
2870;N;18;15;17;20;22;18;19;18;21;17;18;15;2
2870;Min;41.0;49.0;43.0;44.0;42.0;47.0;43.0;40.0;38.0;44.0;41.0;50.0;
2870;Q1;48.8;52.4;49.0;52.4;50.8;51.0;48.0;47.6;43.8;48.8;44.8;51.4;
2870;Q2;59.6;61.8;59.0;57.8;57.4;54.6;51.0;49.6;48.0;53.0;53.6;59.2;
2870;Q3;70.2;67.0;64.0;65.0;60.8;57.4;55.0;53.0;56.2;59.6;58.2;74.0;
2870;Q4;77.2;74.0;69.0;72.8;66.4;63.8;65.0;66.0;62.6;64.4;67.8;84.2;
2870;Max;99.0;97.0;79.0;77.0;69.0;82.0;75.0;83.0;115.0;89.0;79.0;95.0;
2870;Mn;65.5;67.0;63.0;61.5;59.5;57.0;52.0;50.5;54.0;54.0;54.5;65.0;
2870;Md;64.2;66.3;60.4;61.6;58.4;57.8;54.8;55.2;55.2;57.4;57.2;67.9;
2870;S;16.02;13.81;10.24;9.75;7.43;8.34;8.68;12.40;15.95;10.75;11.19;15.53;
2870;Cv;0.25;0.21;0.17;0.16;0.13;0.14;0.16;0.22;0.29;0.19;0.20;0.23;
C929I;N;20;19;21;21;22;22;18;18;20;17;22;21;6
C929I;Min;40.0;43.0;32.0;47.0;32.0;43.0;36.0;42.0;43.0;43.0;43.0;47.0;
C929I;Q1;54.6;68.0;54.0;56.0;43.6;50.6;54.0;52.6;47.6;47.0;52.4;61.2;
C929I;Q2;68.6;72.0;66.2;64.6;57.0;56.2;61.4;60.6;54.0;52.0;58.2;67.0;
C929I;Q3;78.4;87.0;75.2;70.2;61.0;59.0;67.0;65.8;57.6;54.8;64.2;69.6;
C929I;Q4;87.0;104.0;80.0;76.6;67.0;64.6;73.2;71.0;59.0;69.0;80.4;83.2;
C929I;Max;93.0;121.0;101.0;93.0;76.0;79.0;78.0;85.0;79.0;77.0;109.0;99.0;
C929I;Mn;74.0;79.0;70.0;69.0;58.0;58.0;65.5;63.0;56.0;53.0;59.5;68.0;
C929I;Md;72.0;81.1;67.7;67.0;57.3;58.4;62.9;62.4;55.6;56.1;65.7;70.9;
C929I;S;15.27;20.13;15.38;12.78;11.12;9.02;10.55;11.64;8.84;10.39;17.18;12.37;
C929I;Cv;0.21;0.25;0.23;0.19;0.19;0.15;0.17;0.19;0.16;0.19;0.26;0.17;
C430E;N;14;17;13;15;20;17;18;17;15;19;16;11;3
C430E;Min;;78.0;;67.0;56.0;60.0;48.0;55.0;60.0;72.0;59.0;;
C430E;Q1;;86.2;;90.0;70.8;69.2;58.8;62.2;74.4;85.0;86.4;;
C430E;Q2;;93.8;;99.2;79.8;76.8;75.4;71.8;79.4;96.0;111.2;;
C430E;Q3;;122.0;;104.6;95.2;87.8;84.8;83.8;87.6;109.0;118.0;;
C430E;Q4;;162.0;;118.4;101.6;95.8;92.4;90.8;113.6;113.0;141.2;;
C430E;Max;;197.0;;148.0;187.0;149.0;120.0;109.0;122.0;130.0;191.0;;
C430E;Mn;;112.0;;102.0;88.0;83.0;79.5;81.0;83.0;100.0;114.5;;
C430E;Md;;120.4;;102.5;90.7;85.4;79.3;78.0;88.4;100.1;115.4;;
C430E;S;;37.83;;19.77;27.10;20.37;18.89;14.69;19.21;14.70;33.49;;
C430E;Cv;;0.31;;0.19;0.30;0.24;0.24;0.19;0.22;0.15;0.29;;
C139E;N;27;27;28;27;26;30;25;30;28;25;28;23;16
C139E;Min;46.0;48.0;48.0;52.0;46.0;41.0;48.0;34.0;36.0;34.0;56.0;48.0;80.0
C139E;Q1;55.8;62.6;60.2;58.2;48.8;52.0;52.0;50.0;45.6;53.2;61.0;62.2;97.4
C139E;Q2;68.2;70.0;66.6;63.4;56.0;57.4;56.0;54.0;50.6;56.4;67.0;74.4;113.0
C139E;Q3;78.0;80.0;78.4;70.8;60.0;60.2;57.0;56.0;58.4;60.2;72.8;102.8;119.6
C139E;Q4;89.0;101.0;109.2;91.2;74.0;68.0;60.6;56.8;63.4;74.0;96.6;116.2;131.8
C139E;Max;119.0;121.0;137.0;115.0;96.0;71.0;70.0;77.0;72.0;91.0;152.0;135.0;152.0
C139E;Mn;74.0;78.0;76.0;67.0;59.0;58.5;56.0;54.5;53.5;58.0;70.0;87.0;116.5
C139E;Md;73.4;78.9;80.9;73.9;61.9;58.7;56.3;54.3;54.2;61.3;78.8;89.5;115.3
C139E;S;17.90;18.54;27.27;18.16;13.18;8.63;5.48;7.81;9.69;12.76;24.53;27.42;19.38
C139E;Cv;0.24;0.24;0.34;0.25;0.21;0.15;0.10;0.14;0.18;0.21;0.31;0.31;0.17
C449C;N;25;26;22;28;26;25;27;25;25;25;29;26;14
C449C;Min;40.0;49.0;48.0;42.0;48.0;43.0;45.0;42.0;43.0;42.0;44.0;40.0;
C449C;Q1;48.8;58.0;55.6;50.6;51.4;50.2;54.0;49.0;48.0;43.2;46.0;53.0;
C449C;Q2;59.2;60.0;59.0;56.6;59.0;55.8;57.2;52.8;49.4;46.4;52.0;56.6;
C449C;Q3;67.2;66.8;66.0;64.0;62.0;59.0;61.0;55.0;51.6;52.6;62.0;62.4;
C449C;Q4;74.6;78.0;73.6;68.8;66.6;65.8;68.0;62.8;63.8;58.6;67.0;76.6;
C449C;Max;93.0;115.0;86.0;85.0;79.0;72.0;73.0;71.0;79.0;76.0;81.0;91.0;
C449C;Mn;62.0;64.0;62.0;63.0;61.0;58.0;58.0;55.0;50.0;52.0;58.0;58.5;
C449C;Md;62.3;67.3;64.2;61.3;60.6;57.6;60.3;55.5;54.7;52.0;58.1;63.1;
C449C;S;13.71;14.10;9.67;11.24;8.27;7.50;7.52;7.08;10.30;9.57;11.23;13.16;
C449C;Cv;0.22;0.21;0.15;0.18;0.14;0.13;0.12;0.13;0.19;0.18;0.19;0.21;
C447A;N;22;24;22;22;26;24;25;22;21;24;24;21;9
C447A;Min;46.0;52.0;44.0;41.0;43.0;39.0;35.0;41.0;37.0;35.0;41.0;50.0;
C447A;Q1;57.6;65.0;58.0;50.4;53.4;52.0;52.8;50.0;48.8;48.0;54.0;54.0;
C447A;Q2;68.2;76.0;63.0;61.4;57.6;57.0;59.0;54.4;56.8;56.0;59.0;62.6;
C447A;Q3;70.8;78.0;69.8;67.0;61.0;61.0;61.0;59.0;60.6;61.0;70.0;68.0;
C447A;Q4;80.0;85.0;79.6;74.0;67.0;69.0;67.0;61.0;65.0;67.0;78.0;82.2;
C447A;Max;106.0;133.0;91.0;82.0;87.0;72.0;72.0;72.0;70.0;78.0;108.0;121.0;
C447A;Mn;69.0;78.0;67.0;66.0;59.5;59.0;60.0;57.0;58.0;57.0;62.0;67.0;
C447A;Md;70.1;78.9;67.9;63.1;60.0;58.8;59.4;56.0;57.3;57.4;66.0;69.2;
C447A;S;13.29;19.17;12.33;11.10;10.44;8.86;9.24;6.52;8.82;10.78;16.45;16.46;
C447A;Cv;0.19;0.24;0.18;0.18;0.17;0.15;0.16;0.12;0.15;0.19;0.25;0.24;
C429I;N;22;26;25;25;27;26;25;26;25;25;26;25;15
C429I;Min;54.0;56.0;54.0;57.0;48.0;52.0;56.0;56.0;50.0;50.0;50.0;48.0;74.0
C429I;Q1;59.0;67.4;67.0;63.4;58.6;56.0;59.8;57.8;56.6;52.4;59.0;57.0;76.4
C429I;Q2;65.0;69.8;70.0;70.4;63.0;61.0;65.4;64.6;63.0;57.8;67.0;65.8;84.0
C429I;Q3;73.2;76.4;73.2;74.0;69.0;65.4;70.0;69.2;67.0;64.2;70.0;71.2;91.8
C429I;Q4;82.0;83.8;81.6;85.0;74.0;74.0;82.0;78.4;72.0;70.0;77.2;78.8;97.6
C429I;Max;89.0;106.0;95.0;96.0;83.0;93.0;112.0;98.0;78.0;90.0;122.0;100.0;112.0
C429I;Mn;68.5;71.0;72.0;72.0;68.0;63.0;69.0;69.0;65.0;60.0;69.0;68.0;89.0
C429I;Md;69.5;75.4;73.6;73.2;66.2;64.8;70.8;69.3;64.7;63.5;69.7;69.6;88.4
C429I;S;10.66;11.25;9.92;10.40;8.24;9.98;12.69;11.98;7.85;11.43;14.00;13.01;10.92
C429I;Cv;0.15;0.15;0.13;0.14;0.12;0.15;0.18;0.17;0.12;0.18;0.20;0.19;0.12
2465;N;18;18;18;18;18;17;16;15;19;19;18;17;6
2465;Min;47.0;50.0;53.0;53.0;54.0;52.0;51.0;54.0;40.0;55.0;51.0;60.0;
2465;Q1;60.0;58.8;63.0;61.6;58.0;57.0;58.0;60.2;46.0;63.0;66.4;66.0;
2465;Q2;70.8;69.8;75.6;70.6;64.6;63.2;62.8;65.8;59.0;72.0;72.2;71.4;
2465;Q3;82.0;77.2;82.2;75.8;70.0;69.8;69.8;69.8;62.0;76.0;77.4;76.8;
2465;Q4;87.8;89.2;88.4;82.8;74.4;82.6;78.6;81.0;68.0;87.0;83.2;90.0;
2465;Max;107.0;120.0;101.0;100.0;85.0;89.0;89.0;85.0;86.0;91.0;97.0;110.0;
2465;Mn;78.5;72.5;80.5;72.0;68.0;66.0;65.5;68.0;59.0;75.0;75.0;76.0;
2465;Md;75.7;75.7;77.6;73.3;67.6;68.4;68.4;69.3;59.9;73.5;74.4;77.4;
2465;S;16.74;17.36;13.01;11.72;8.69;11.78;11.29;9.38;10.97;11.30;11.46;13.49;
2465;Cv;0.22;0.23;0.17;0.16;0.13;0.17;0.16;0.14;0.18;0.15;0.15;0.17;
5796;N;11;18;15;18;18;16;17;14;15;18;20;16;4
5796;Min;;46.0;50.0;50.0;54.0;50.0;45.0;;50.0;54.0;52.0;46.0;
5796;Q1;;59.4;68.0;64.6;58.8;58.0;54.8;;58.0;63.8;59.8;61.0;
5796;Q2;;72.0;69.6;70.6;63.0;61.0;58.2;;61.0;65.6;67.8;72.0;
5796;Q3;;78.6;75.6;78.2;69.2;62.6;65.6;;64.6;79.0;74.2;84.2;
5796;Q4;;90.4;88.2;88.6;79.2;70.0;70.8;;71.8;90.6;89.8;106.0;
5796;Max;;104.0;90.0;96.0;97.0;84.0;76.0;;90.0;97.0;130.0;124.0;
5796;Mn;;74.5;74.0;71.5;66.0;61.0;59.0;;63.0;72.5;71.0;80.0;
5796;Md;;75.3;74.0;74.9;69.1;63.3;61.5;;64.9;74.4;76.0;81.7;
5796;S;;16.79;11.40;13.09;12.16;8.18;8.70;;10.54;13.43;18.90;21.97;
5796;Cv;;0.22;0.15;0.17;0.18;0.13;0.14;;0.16;0.18;0.25;0.27;
5783;N;15;16;21;21;25;21;18;17;26;17;22;16;3
5783;Min;52.0;44.0;46.0;54.0;44.0;48.0;48.0;44.0;46.0;50.0;43.0;43.0;
5783;Q1;61.4;56.8;56.0;59.8;56.0;52.0;53.6;46.2;52.0;55.8;56.6;48.4;
5783;Q2;70.8;70.0;63.8;63.0;58.4;54.8;56.6;54.0;54.0;63.0;59.4;58.4;
5783;Q3;79.2;74.0;69.0;74.0;63.0;56.6;59.0;56.8;57.0;69.0;71.4;73.0;
5783;Q4;87.4;78.0;72.0;75.2;67.0;63.8;63.8;59.0;64.2;74.0;81.4;95.2;
5783;Max;102.0;96.0;81.0;81.0;79.0;69.0;74.0;63.0;74.0;95.0;104.0;115.0;
5783;Mn;72.0;72.5;65.0;66.0;61.0;56.0;58.0;54.0;56.0;67.0;64.0;65.5;
5783;Md;74.9;70.0;64.7;67.9;61.0;57.1;58.8;53.7;57.8;67.4;69.2;71.0;
5783;S;14.29;13.58;8.78;8.10;7.42;6.07;6.90;5.74;7.76;12.02;15.92;23.21;
5783;Cv;0.19;0.19;0.14;0.12;0.12;0.11;0.12;0.11;0.13;0.18;0.23;0.33;
2030;N;23;22;24;28;26;24;27;23;24;21;21;21;7
2030;Min;47.0;47.0;24.0;36.0;50.0;43.0;45.0;37.0;42.0;36.0;52.0;58.0;
2030;Q1;60.0;58.0;55.0;55.0;52.4;51.0;56.4;58.0;50.0;54.0;61.0;61.4;
2030;Q2;66.0;65.4;62.0;63.6;62.6;55.0;62.0;61.0;56.0;59.8;65.8;69.4;
2030;Q3;74.0;71.8;66.0;68.0;67.2;59.0;66.0;67.4;63.0;69.2;75.8;73.6;
2030;Q4;81.2;80.2;78.0;76.4;71.6;69.0;78.2;73.6;72.0;73.4;80.0;79.8;
2030;Max;115.0;122.0;85.0;86.0;80.0;85.0;96.0;93.0;81.0;88.0;92.0;101.0;
2030;Mn;71.0;67.0;64.5;65.5;66.0;56.5;63.0;65.0;60.0;63.0;74.0;72.0;
2030;Md;71.1;70.5;64.7;65.7;64.1;59.6;65.7;64.8;60.3;63.9;71.0;72.3;
2030;S;14.74;15.33;13.24;11.53;9.10;10.44;12.66;11.70;11.17;12.20;10.81;11.43;
2030;Cv;0.21;0.22;0.20;0.18;0.14;0.18;0.19;0.18;0.19;0.19;0.15;0.16;
0016A;N;17;16;20;16;8;12;16;9;10;16;17;14;3
0016A;Min;42.0;49.0;52.0;61.0;;;45.0;;;36.0;54.0;;
0016A;Q1;66.8;66.2;64.0;62.6;;;48.4;;;54.4;60.0;;
0016A;Q2;80.2;77.2;72.8;69.6;;;55.0;;;59.6;69.2;;
0016A;Q3;85.8;91.4;84.0;83.0;;;59.4;;;65.6;77.6;;
0016A;Q4;99.6;102.0;94.2;89.2;;;69.2;;;76.0;89.4;;
0016A;Max;108.0;132.0;117.0;124.0;;;76.0;;;87.0;95.0;;
0016A;Mn;81.0;83.0;77.5;73.5;;;55.5;;;64.0;74.0;;
0016A;Md;81.0;84.4;79.3;78.1;;;58.4;;;64.0;74.2;;
0016A;S;17.53;21.19;17.41;16.84;;;10.02;;;12.25;13.34;;
0016A;Cv;0.22;0.25;0.22;0.22;;;0.17;;;0.19;0.18;;
9981A;N;24;27;27;25;29;27;29;27;28;25;26;27;16
9981A;Min;64.0;48.0;57.0;67.0;51.0;40.0;37.0;40.0;53.0;33.0;61.0;62.0;98.0
9981A;Q1;77.0;79.0;73.0;73.6;58.0;57.4;50.0;54.0;59.0;67.0;72.4;82.6;103.4
9981A;Q2;87.0;98.4;81.6;84.8;68.0;66.0;62.0;62.2;63.6;71.0;84.0;89.4;111.2
9981A;Q3;97.0;106.6;96.8;91.2;79.0;72.0;68.0;71.4;71.4;86.6;90.2;103.0;124.6
9981A;Q4;104.0;117.0;115.2;98.6;94.0;82.4;88.0;84.8;82.4;102.4;101.0;117.2;128.0
9981A;Max;147.0;151.0;159.0;106.0;123.0;106.0;95.0;127.0;104.0;128.0;118.0;149.0;135.0
9981A;Mn;94.5;101.0;91.0;88.0;73.0;67.0;64.0;65.0;66.5;76.0;84.5;98.0;115.0
9981A;Md;95.2;100.2;92.7;87.1;75.9;68.9;66.3;69.3;71.5;81.5;87.2;99.5;116.5
9981A;S;20.12;21.62;23.59;11.84;17.46;16.00;17.18;19.63;15.18;23.22;14.09;21.35;12.34
9981A;Cv;0.21;0.22;0.25;0.14;0.23;0.23;0.26;0.28;0.21;0.28;0.16;0.21;0.11
9381I;N;11;11;11;11;10;9;10;8;11;10;9;10;2
9381I;Min;;;;;;;;;;;;;
9381I;Q1;;;;;;;;;;;;;
9381I;Q2;;;;;;;;;;;;;
9381I;Q3;;;;;;;;;;;;;
9381I;Q4;;;;;;;;;;;;;
9381I;Max;;;;;;;;;;;;;
9381I;Mn;;;;;;;;;;;;;
9381I;Md;;;;;;;;;;;;;
9381I;S;;;;;;;;;;;;;
9381I;Cv;;;;;;;;;;;;;
8368U;N;16;17;15;14;16;15;15;12;17;14;16;17;2
8368U;Min;40.0;48.0;47.0;;43.0;47.0;48.0;;45.0;;40.0;0.0;
8368U;Q1;50.4;54.6;50.0;;53.4;51.2;54.0;;48.6;;50.4;54.0;
8368U;Q2;61.0;58.2;59.0;;60.6;56.0;56.2;;52.4;;54.8;62.2;
8368U;Q3;70.4;64.2;65.8;;63.0;64.2;60.2;;58.4;;65.2;68.8;
8368U;Q4;74.0;76.4;72.0;;73.0;81.2;71.2;;61.0;;70.6;72.0;
8368U;Max;86.0;89.0;87.0;;81.0;94.0;122.0;;77.0;;79.0;97.0;
8368U;Mn;65.0;61.0;64.0;;61.5;61.0;59.0;;56.0;;59.0;67.0;
8368U;Md;64.6;64.1;63.1;;62.6;63.5;65.7;;55.7;;59.9;61.6;
8368U;S;12.97;11.12;11.95;;10.39;14.74;20.78;;7.83;;10.58;20.57;
8368U;Cv;0.20;0.17;0.19;;0.17;0.23;0.32;;0.14;;0.18;0.33;
3260B;N;27;26;28;27;28;27;29;29;27;29;28;27;20
3260B;Min;41.0;44.0;50.0;51.0;49.0;45.0;51.0;49.0;50.0;45.0;48.0;52.0;77.0
3260B;Q1;56.0;62.4;58.0;63.0;59.0;55.6;56.0;58.0;55.6;54.0;54.6;59.6;84.6
3260B;Q2;64.4;74.0;67.6;67.2;62.0;62.2;60.0;60.0;62.0;63.0;68.0;63.4;91.2
3260B;Q3;74.2;77.4;74.0;71.8;65.0;68.8;65.0;65.0;67.8;72.0;72.8;72.0;102.2
3260B;Q4;88.8;84.0;81.4;80.8;70.0;77.8;72.0;74.0;71.4;82.0;86.0;85.8;105.0
3260B;Max;108.0;138.0;95.0;105.0;88.0;87.0;115.0;105.0;83.0;105.0;103.0;104.0;138.0
3260B;Mn;67.0;75.5;72.0;70.0;63.0;63.0;61.0;62.0;66.0;71.0;72.0;68.0;94.5
3260B;Md;70.9;76.1;71.2;71.1;65.1;65.9;65.7;65.8;64.3;70.0;70.3;71.7;97.0
3260B;S;17.11;17.01;12.29;11.51;8.96;11.57;13.36;12.24;8.60;17.33;14.47;13.63;14.33
3260B;Cv;0.24;0.22;0.17;0.16;0.14;0.18;0.20;0.19;0.13;0.25;0.21;0.19;0.15
8416;N;24;25;25;28;27;27;26;24;22;23;26;22;8
8416;Min;43.0;37.0;37.0;37.0;30.0;22.0;26.0;21.0;32.0;41.0;43.0;43.0;
8416;Q1;56.0;58.2;47.6;49.8;46.6;39.4;38.0;43.0;41.8;46.8;52.4;57.6;
8416;Q2;64.0;62.8;62.0;61.6;55.4;47.0;47.8;49.0;45.8;57.2;60.6;61.2;
8416;Q3;75.0;67.6;67.2;65.2;58.8;54.0;51.2;51.0;54.0;66.0;63.0;67.8;
8416;Q4;81.0;72.0;79.0;76.0;65.0;58.0;55.8;60.0;61.4;71.4;68.6;74.8;
8416;Max;95.0;117.0;93.0;85.0;73.0;80.0;67.0;66.0;75.0;82.0;73.0;82.0;
8416;Mn;72.0;66.0;65.0;63.5;57.0;53.0;49.0;50.0;51.0;61.0;63.0;63.5;
8416;Md;69.7;66.1;64.6;62.4;56.6;51.4;48.0;50.7;51.4;60.5;60.5;64.8;
8416;S;13.38;15.17;14.56;13.34;9.68;13.05;10.30;10.02;11.63;12.11;8.35;9.70;
8416;Cv;0.19;0.23;0.23;0.21;0.17;0.25;0.21;0.20;0.23;0.20;0.14;0.15;
8414A;N;30;27;26;30;28;25;28;28;28;25;25;27;20
8414A;Min;31.0;50.0;43.0;46.0;50.0;42.0;40.0;43.0;44.0;45.0;50.0;48.0;80.0
8414A;Q1;63.2;64.6;54.0;65.4;54.0;56.2;51.0;53.6;54.8;58.2;58.0;65.6;86.0
8414A;Q2;74.2;72.0;63.8;70.8;67.0;65.0;55.2;58.0;64.2;68.0;60.4;72.0;90.0
8414A;Q3;86.8;77.6;86.4;80.2;72.0;67.6;61.4;66.4;68.8;76.0;74.0;79.8;106.6
8414A;Q4;102.8;87.0;103.6;91.6;90.0;76.0;69.2;72.2;77.0;98.2;86.0;95.8;118.6
8414A;Max;120.0;139.0;117.0;119.0;109.0;112.0;97.0;119.0;104.0;124.0;113.0;117.0;130.0
8414A;Mn;82.5;75.0;80.0;79.0;70.0;66.0;59.0;61.0;67.0;72.0;67.0;76.0;101.5
8414A;Md;81.4;78.7;77.7;77.2;71.7;67.1;60.9;65.1;68.0;75.9;70.6;79.7;101.4
8414A;S;21.58;20.18;22.54;15.99;17.28;13.75;12.77;16.86;13.96;20.50;16.33;18.12;16.27
8414A;Cv;0.27;0.26;0.29;0.21;0.24;0.20;0.21;0.26;0.21;0.27;0.23;0.23;0.16
2422;N;15;20;22;20;16;16;20;17;17;23;23;16;2
2422;Min;48.0;47.0;49.0;49.0;52.0;48.0;53.0;46.0;40.0;47.0;50.0;43.0;
2422;Q1;57.6;59.2;58.6;58.0;56.6;54.4;55.2;54.0;50.0;50.0;56.8;54.8;
2422;Q2;62.2;68.8;62.2;62.0;61.8;60.0;59.8;61.0;59.2;55.6;61.0;58.0;
2422;Q3;71.0;77.2;67.0;65.0;67.2;67.6;65.6;63.6;65.4;60.4;65.8;71.4;
2422;Q4;85.6;86.6;69.0;73.8;78.6;78.4;75.6;71.4;72.0;77.6;77.0;78.4;
2422;Max;112.0;128.0;81.0;81.0;89.0;83.0;83.0;84.0;76.0;106.0;96.0;119.0;
2422;Mn;65.0;72.0;64.0;63.5;64.5;63.5;65.0;61.0;62.0;58.0;63.0;65.0;
2422;Md;70.5;74.5;64.6;65.1;66.7;65.0;64.9;62.6;60.8;63.4;67.3;68.1;
2422;S;17.29;18.12;8.39;8.99;10.56;11.37;9.31;9.86;10.38;16.53;13.03;17.91;
2422;Cv;0.25;0.24;0.13;0.14;0.16;0.17;0.14;0.16;0.17;0.26;0.19;0.26;
2539;N;24;23;25;23;22;20;21;23;21;22;18;16;6
2539;Min;46.0;53.0;47.0;47.0;47.0;50.0;46.0;47.0;43.0;47.0;47.0;49.0;
2539;Q1;62.0;61.4;54.8;57.0;58.0;54.2;56.8;54.8;52.2;56.6;57.6;54.4;
2539;Q2;68.0;69.6;65.4;67.2;61.2;58.4;64.0;59.2;58.0;61.4;65.0;60.8;
2539;Q3;72.0;73.4;72.0;72.0;69.6;63.8;65.6;63.8;61.2;67.8;70.6;75.4;
2539;Q4;80.0;87.6;78.6;80.2;74.4;74.0;76.2;69.6;74.4;81.8;81.6;85.6;
2539;Max;88.0;121.0;85.0;90.0;79.0;108.0;93.0;86.0;90.0;109.0;100.0;121.0;
2539;Mn;69.0;71.0;69.0;71.0;67.0;60.5;65.0;63.0;61.0;65.0;67.0;72.0;
2539;Md;69.9;75.3;67.6;69.3;66.0;64.6;66.6;63.0;62.8;68.4;69.3;73.1;
2539;S;10.43;16.13;11.42;11.76;8.87;13.87;10.76;9.57;12.66;15.25;13.28;19.71;
2539;Cv;0.15;0.21;0.17;0.17;0.13;0.21;0.16;0.15;0.20;0.22;0.19;0.27;
2614;N;26;26;27;27;28;28;29;26;27;26;24;23;16
2614;Min;32.0;36.0;37.0;43.0;32.0;36.0;36.0;31.0;32.0;35.0;22.0;30.0;59.0
2614;Q1;44.4;46.4;46.0;48.2;46.8;43.0;45.0;39.8;45.4;50.0;47.0;43.8;69.8
2614;Q2;52.8;57.8;53.2;54.0;53.2;49.6;49.0;44.8;50.2;56.6;51.0;54.6;75.4
2614;Q3;62.2;64.0;60.8;57.0;55.8;54.0;54.0;50.4;55.0;59.8;65.0;70.4;81.4
2614;Q4;73.6;72.2;68.4;63.4;65.0;64.4;65.0;57.4;63.4;70.6;75.0;76.4;85.2
2614;Max;86.0;90.0;83.0;79.0;81.0;83.0;90.0;86.0;84.0;76.0;96.0;111.0;111.0
2614;Mn;60.0;59.0;58.0;55.0;54.0;52.0;51.0;46.5;54.0;58.5;59.0;64.0;79.0
2614;Md;59.3;60.5;57.8;56.3;55.0;53.4;55.1;50.0;54.3;59.5;59.1;61.8;78.7
2614;S;15.24;13.64;11.37;9.25;10.93;10.76;12.25;13.15;11.97;10.66;17.89;19.40;12.03
2614;Cv;0.26;0.23;0.20;0.16;0.20;0.20;0.22;0.26;0.22;0.18;0.30;0.31;0.15
9390;N;10;10;11;12;12;9;10;11;11;13;13;11;3
9390;Min;;;;;;;;;;;;;
9390;Q1;;;;;;;;;;;;;
9390;Q2;;;;;;;;;;;;;
9390;Q3;;;;;;;;;;;;;
9390;Q4;;;;;;;;;;;;;
9390;Max;;;;;;;;;;;;;
9390;Mn;;;;;;;;;;;;;
9390;Md;;;;;;;;;;;;;
9390;S;;;;;;;;;;;;;
9390;Cv;;;;;;;;;;;;;
9434;N;22;25;23;23;22;24;22;20;23;22;23;21;3
9434;Min;57.0;61.0;54.0;60.0;49.0;45.0;52.0;52.0;53.0;57.0;51.0;52.0;
9434;Q1;65.4;71.6;68.0;66.8;65.0;63.0;62.2;61.4;64.6;67.0;65.8;68.4;
9434;Q2;73.2;78.8;74.6;72.0;68.4;67.0;70.4;67.8;67.0;70.0;70.0;74.4;
9434;Q3;82.2;84.0;77.4;79.4;75.6;74.0;77.2;73.2;74.8;75.4;76.8;81.0;
9434;Q4;90.2;90.6;85.8;83.4;88.4;89.0;90.6;80.4;81.8;80.0;85.0;86.2;
9434;Max;107.0;126.0;109.0;96.0;97.0;111.0;101.0;85.0;93.0;102.0;91.0;96.0;
9434;Mn;76.5;80.0;76.0;78.0;71.0;69.5;73.0;71.0;68.0;71.0;74.0;76.0;
9434;Md;78.3;82.0;77.9;76.4;73.8;74.2;75.6;70.6;72.3;73.3;73.5;77.1;
9434;S;14.09;13.51;13.44;9.43;13.55;14.89;14.76;9.26;10.55;9.13;10.90;10.85;
9434;Cv;0.18;0.16;0.17;0.12;0.18;0.20;0.20;0.13;0.15;0.12;0.15;0.14;
